0 Gmode4 0;
0 Gmode3 0;
0 Gmode2 0;
0 Gmode1 0;
0 4mode3 0;
0 4mode2 0;
0 4mode1 0;
0 4L3 0;
0 4L2 0;
0 4L1 0;
0 4R -54.71 2.82;
0 4Y 4.46 2.82;
0 4X -16.65 2.82;
0 3mode3 0;
0 3mode2 0;
0 3mode1 0;
0 3L3 0;
0 3L2 0 0;
0 3L1 0;
0 3R -54.71 2.82;
0 3Y 4.46 2.82;
0 3X -16.65 2.82;
0 2mode3 0;
0 2mode2 0;
0 2mode1 0;
0 2L3 0;
0 2L2 0;
0 2L1 0;
0 2R -54.71 2.82;
0 2Y 4.46 2.82;
0 2X -16.65 2.82;
0 1mode3 0;
0 1mode2 0;
0 1mode1 0;
0 1L3 0;
0 1L2 0;
0 1L1 0;
0 1R -54.71 2.82;
0 1Y 4.46 2.82;
0 1X -16.65 2.82;
8.70748 4R -54.71 5.63;
0 4Y 15.6 5.63;
0 4X -49.6 5.63;
0 3R -54.71 5.63;
0 3Y 15.6 5.63;
0 3X -49.6 5.63;
0 2R -54.71 5.63;
0 2Y 15.6 5.63;
0 2X -49.6 5.63;
0 1R -54.71 5.63;
0 1Y 15.6 5.63;
0 1X -49.6 5.63;
931.701 3L2 0.42 0;
15.9637 3L2 0.83 0;
15.9637 3L2 1.25 0;
7.25624 3L2 1.67 0;
10.1587 3L2 2.08 0;
7.25624 3L2 2.5 0;
11.61 3L2 2.92 0;
13.0612 3L2 3.33 0;
13.0612 3L2 3.75 0;
11.61 3L2 4.17 0;
0 3L2 4.58 0;
7.25624 3L2 5 0;
10.1587 3L2 5.42 0;
5.80499 3L2 5.83 0;
13.0612 3L2 6.67 0;
10.1587 3L2 7.08 0;
5.80499 3L2 7.92 0;
5.80499 3L2 8.33 0;
7.25624 3L2 8.75 0;
15.9637 3L2 9.58 0;
14.5125 3L2 10 0;
17.415 3L2 10.42 0;
0 3L2 11.25 0;
0 3L2 12.5 0;
5.80499 3L2 12.92 0;
7.25624 3L2 13.33 0;
5.80499 3L2 14.17 0;
11.61 3L2 14.58 0;
7.25624 3L2 15 0;
10.1587 3L2 15.42 0;
7.25624 3L2 15.83 0;
13.0612 3L2 16.25 0;
7.25624 3L2 16.67 0;
5.80499 3L2 17.08 0;
5.80499 3L2 17.5 0;
7.25624 3L2 17.92 0;
11.61 3L2 18.33 0;
7.25624 3L2 18.75 0;
5.80499 3L2 19.58 0;
10.1587 3L2 20.42 0;
5.80499 3L2 20.83 0;
13.0612 3L2 22.08 0;
13.0612 3L2 22.5 0;
4.35374 3L2 22.92 0;
8.70748 3L2 23.33 0;
13.0612 3L2 23.75 0;
5.80499 3L2 24.17 0;
0 3L2 25 0;
17.415 3L2 25.42 0;
7.25624 3L2 26.25 0;
5.80499 3L2 27.08 0;
5.80499 3L2 27.92 0;
5.80499 3L2 28.33 0;
13.0612 3L2 29.17 0;
15.9637 3L2 30 0;
33.3787 3L2 30.83 0;
4.35374 3L2 31.67 0;
13.0612 3L2 32.5 0;
10.1587 3L2 33.33 0;
0 3L2 35 0;
18.8662 3L2 35.83 0;
17.415 3L2 36.67 0;
8.70748 3L2 37.5 0;
17.415 3L2 38.33 0;
17.415 3L2 38.75 0;
7.25624 3L2 39.17 0;
21.7687 3L2 40 0;
13.0612 3L2 40.42 0;
7.25624 3L2 41.25 0;
10.1587 3L2 41.67 0;
7.25624 3L2 42.5 0;
14.5125 3L2 42.92 0;
17.415 3L2 43.75 0;
5.80499 3L2 44.58 0;
46.4399 3L2 45.42 0;
5.80499 3L2 46.25 0;
0 3L2 47.08 0;
5.80499 3L2 47.5 0;
10.1587 3L2 48.33 0;
23.22 3L2 49.17 0;
5.80499 3L2 49.58 0;
4.35374 3L2 50 0;
2.90249 3L2 50.42 0;
5.80499 3L2 50.83 0;
0 3L2 51.25 0;
0 3L2 51.67 0;
17.415 3L2 52.92 0;
18.8662 3L2 53.33 0;
11.61 3L2 53.75 0;
53.6961 3L2 54.58 0;
5.80499 3L2 55.42 0;
0 3L2 55.83 0;
0 3L2 56.25 0;
5.80499 3L2 56.67 0;
60.9524 3L2 57.08 0;
10.1587 3L2 57.5 0;
0 3L2 57.92 0;
0 3L2 58.33 0;
0 3L2 58.75 0;
30.4762 3L2 59.17 0;
11.61 3L2 59.58 0;
1.45393 4R -54.71 2.82;
0 3R -54.71 2.82;
7.25624 2R -54.71 2.82;
0 2R -54.71 2.82;
0 3R -54.71 2.82;
0 4R -54.71 2.82;
0 1R -54.71 2.82;
4.35105 3L2 60 0;
8.71015 4Y -14.86 2.82;
0 4X 100 2.82;
0 3Y -14.86 2.82;
0 3X 100 2.82;
0 2Y -14.86 2.82;
0 2X 100 2.82;
0 2Y -14.86 2.82;
0 2X 100 2.82;
0 3Y -14.86 2.82;
0 3X 100 2.82;
0 4Y -14.86 2.82;
0 4X 100 2.82;
0 1Y -14.86 2.82;
0 1X 100 2.82;
5.80232 3L2 60.42 0;
124.807 3L2 60.83 0;
13.0612 3L2 61.25 0;
11.61 3L2 62.08 0;
5.80499 3L2 62.5 0;
20.3175 3L2 63.33 0;
5.80499 3L2 63.75 0;
5.80499 3L2 64.17 0;
0 3L2 64.58 0;
23.22 3L2 65 0;
0 3L2 65.83 0;
0 3L2 66.25 0;
7.25624 3L2 66.67 0;
11.61 3L2 67.5 0;
60.9524 3L2 67.92 0;
15.9637 3L2 68.75 0;
8.70748 3L2 69.58 0;
24.6712 3L2 70 0;
5.80499 3L2 70.83 0;
13.0612 3L2 71.67 0;
5.80499 3L2 72.08 0;
7.25624 3L2 72.5 0;
10.1587 3L2 73.33 0;
0 3L2 73.75 0;
5.80499 3L2 74.17 0;
26.1224 3L2 74.58 0;
0 3L2 75 0;
0 3L2 75.42 0;
0 3L2 76.25 0;
8.70748 3L2 76.67 0;
0 3L2 77.5 0;
0 3L2 77.92 0;
7.25624 3L2 78.33 0;
44.9887 3L2 78.75 0;
0 3L2 79.17 0;
0 3L2 79.58 0;
0 3L2 80 0;
0 3L2 80.42 0;
0 3L2 80.83 0;
0 3L2 81.25 0;
0 3L2 81.67 0;
0 3L2 82.08 0;
18.8662 3L2 82.5 0;
0 3L2 82.92 0;
20.3175 3L2 83.33 0;
8.70748 3L2 83.75 0;
5.80499 3L2 84.17 0;
60.9524 3L2 84.58 0;
0 3L2 85 0;
0 3L2 85.42 0;
0 3L2 85.83 0;
0 3L2 86.25 0;
0 3L2 86.67 0;
0 3L2 87.08 0;
13.0612 3L2 87.5 0;
7.25624 3L2 87.92 0;
13.0612 3L2 88.33 0;
23.22 3L2 88.75 0;
13.0612 3L2 89.17 0;
13.0612 3L2 89.58 0;
7.25624 3L2 90 0;
0 3L2 90.42 0;
29.0249 3L2 91.25 0;
18.8662 3L2 91.67 0;
11.61 3L2 92.08 0;
24.6712 3L2 92.92 0;
39.1837 3L2 93.33 0;
7.25624 3L2 93.75 0;
5.80499 3L2 94.17 0;
0 3L2 94.58 0;
8.70748 3L2 95 0;
7.25624 3L2 95.42 0;
5.80499 3L2 95.83 0;
17.415 3L2 96.67 0;
13.0612 3L2 97.08 0;
13.0612 3L2 97.5 0;
11.61 3L2 97.92 0;
0 3L2 98.33 0;
13.0612 3L2 98.75 0;
34.8299 3L2 99.17 0;
26.1224 3L2 99.58 0;
44.9887 3L2 100 0;
857.687 3L1 8.97 0;
5.80499 3L1 9.8 0;
17.415 3L1 11.05 0;
0 3L1 11.88 0;
13.0612 3L1 13.13 0;
13.0612 3L1 13.97 0;
7.25624 3L1 14.8 0;
0 3L1 15.63 0;
5.80499 3L1 16.47 0;
7.25624 3L1 17.3 0;
11.61 3L1 18.97 0;
8.70748 3L1 19.8 0;
11.61 3L1 20.63 0;
18.8662 3L1 22.3 0;
21.7687 3L1 23.13 0;
0 3L1 23.97 0;
8.70748 3L1 24.38 0;
0 3L1 25.22 0;
7.25624 3L1 25.63 0;
13.0612 3L1 26.05 0;
0 3L1 26.47 0;
7.25624 3L1 26.88 0;
11.61 3L1 27.72 0;
7.25624 3L1 28.13 0;
5.80499 3L1 28.97 0;
7.25624 3L1 29.38 0;
21.7687 3L1 30.22 0;
13.0612 3L1 30.63 0;
0 3L1 31.05 0;
13.0612 3L1 31.88 0;
18.8662 3L1 32.3 0;
0 3L1 32.72 0;
7.25624 3L1 33.13 0;
5.80499 3L1 33.55 0;
11.61 3L1 34.8 0;
15.9637 3L1 35.22 0;
7.25624 3L1 36.05 0;
7.25624 3L1 36.47 0;
13.0612 3L1 37.3 0;
7.25624 3L1 38.13 0;
0 3L1 38.97 0;
0 3L1 39.8 0;
13.0612 3L1 40.63 0;
7.25624 3L1 41.47 0;
5.80499 3L1 42.3 0;
5.80499 3L1 43.13 0;
1.45125 3L1 44.8 0;
13.0612 3L1 45.63 0;
5.80499 3L1 46.05 0;
14.5125 3L1 46.47 0;
21.7687 3L1 47.3 0;
0 3L1 48.13 0;
0 3L1 48.55 0;
8.70748 3L1 48.97 0;
7.25624 3L1 49.38 0;
8.70748 3L1 50.22 0;
4.35374 3L1 51.05 0;
11.61 3L1 51.88 0;
8.70748 3L1 52.72 0;
5.80499 3L1 53.13 0;
11.61 3L1 53.97 0;
2.90249 3L1 54.38 0;
11.61 3L1 54.8 0;
15.9637 3L1 55.22 0;
13.0612 3L1 55.63 0;
17.415 3L1 56.05 0;
5.80499 3L1 56.47 0;
0 3L1 56.88 0;
11.61 3L1 57.3 0;
194.467 3L1 57.72 0;
30.4762 3L1 58.13 0;
13.0612 3L1 58.55 0;
8.70748 3L1 58.97 0;
13.0612 3L1 59.38 0;
7.25624 3L1 60.22 0;
11.61 3L1 60.63 0;
17.415 3L1 61.05 0;
7.25624 3L1 61.47 0;
20.3175 3L1 62.72 0;
18.8662 3L1 63.13 0;
17.415 3L1 63.55 0;
5.80499 3L1 64.38 0;
15.9637 3L1 64.8 0;
5.80499 3L1 65.63 0;
17.415 3L1 66.05 0;
10.1587 3L1 66.47 0;
29.0249 3L1 66.88 0;
7.25624 3L1 67.3 0;
24.6712 3L1 67.72 0;
8.70748 3L1 68.13 0;
15.9637 3L1 68.97 0;
5.80499 3L1 70.22 0;
4.35374 3L1 70.63 0;
7.25624 3L1 71.05 0;
0 3L1 71.88 0;
21.7687 3L1 72.3 0;
0 3L1 72.72 0;
8.70748 3L1 73.13 0;
0 3L1 73.55 0;
11.61 3L1 73.97 0;
11.61 3L1 74.38 0;
5.80499 3L1 75.22 0;
11.61 3L1 75.63 0;
0 3L1 76.05 0;
11.61 3L1 76.47 0;
5.80499 3L1 76.88 0;
5.80499 3L1 77.3 0;
5.80499 3L1 78.13 0;
21.7687 3L1 78.55 0;
23.22 3L1 78.97 0;
5.80499 3L1 79.8 0;
5.80499 3L1 80.22 0;
7.25624 3L1 80.63 0;
5.80499 3L1 81.05 0;
5.80499 3L1 81.47 0;
0 3L1 81.88 0;
17.415 3L1 82.3 0;
21.7687 3L1 82.72 0;
5.80499 3L1 83.13 0;
0 3L1 83.55 0;
17.415 3L1 83.97 0;
0 3L1 84.38 0;
7.25624 3L1 84.8 0;
5.80499 3L1 85.22 0;
0 3L1 86.05 0;
13.0612 3L1 86.88 0;
10.1587 3L1 87.72 0;
0 3L1 88.13 0;
0 3L1 88.55 0;
5.80499 3L1 88.97 0;
23.22 3L1 89.38 0;
0 3L1 90.22 0;
34.8299 3L1 90.63 0;
11.61 3L1 91.05 0;
30.4762 3L1 91.47 0;
5.80499 3L1 91.88 0;
82.7211 3L1 91.47 0;
31.9274 3L1 91.05 0;
15.9637 3L1 90.22 0;
5.80499 3L1 89.8 0;
8.70748 3L1 89.38 0;
11.61 3L1 88.97 0;
5.80499 3L1 88.55 0;
5.80499 3L1 88.13 0;
11.61 3L1 87.3 0;
5.80499 3L1 86.88 0;
10.1587 3L1 86.47 0;
5.80499 3L1 85.63 0;
11.61 3L1 85.22 0;
5.80499 3L1 84.8 0;
11.61 3L1 83.97 0;
7.25624 3L1 83.55 0;
7.25624 3L1 83.13 0;
5.80499 3L1 82.72 0;
11.61 3L1 82.3 0;
31.9274 3L1 81.88 0;
17.415 3L1 81.47 0;
49.3424 3L1 81.05 0;
101.587 3L1 81.47 0;
5.80499 3L1 82.3 0;
11.61 3L1 82.72 0;
11.61 3L1 84.38 0;
2.90249 3L1 85.22 0;
8.70748 3L1 86.05 0;
11.61 3L1 86.47 0;
29.0249 3L1 86.88 0;
5.80499 3L1 87.3 0;
18.8662 3L1 87.72 0;
18.8662 3L1 88.13 0;
7.25624 3L1 88.55 0;
10.1587 3L1 88.97 0;
7.25624 3L1 89.38 0;
11.61 3L1 89.8 0;
5.80499 3L1 90.22 0;
5.80499 3L1 90.63 0;
17.415 3L1 91.05 0;
5.80499 3L1 91.47 0;
17.415 3L1 91.88 0;
11.61 3L1 92.3 0;
15.9637 3L1 92.72 0;
7.25574 4R -54.71 2.82;
0 3R -54.71 2.82;
5.80499 2R -54.71 2.82;
0 2R -54.71 2.82;
0 3R -54.71 2.82;
0 4R -54.71 2.82;
0 1R -54.71 2.82;
11.61 4Y 15.6 2.82;
0 4X -49.6 2.82;
0 3Y 15.6 2.82;
0 3X -49.6 2.82;
0 2Y 15.6 2.82;
0 2X -49.6 2.82;
0 2Y 15.6 2.82;
0 2X -49.6 2.82;
0 3Y 15.6 2.82;
0 3X -49.6 2.82;
0 4Y 15.6 2.82;
0 4X -49.6 2.82;
0 1Y 15.6 2.82;
0 1X -49.6 2.82;
560.182 3mode2 0.83 0;
107.392 3mode2 0.78 0;
30.4762 3mode2 0.77 0;
20.3175 3mode2 0.67 0;
10.1587 3mode2 0.5 0;
8.70748 3mode2 0.33 0;
26.1224 3mode2 0.27 0;
87.0748 3mode2 0.29 0;
17.415 3mode2 0.27 0;
5.80499 3mode2 0.25 0;
5.80499 3mode2 0.23 0;
7.25624 3mode2 0.22 0;
33.3787 3mode2 0.21 0;
0 3mode2 0.23 0;
18.8662 3mode2 0.24 0;
5.80499 3mode2 0.23 0;
11.61 3mode2 0.24 0;
44.9887 3mode2 0.25 0;
18.8662 3mode2 0.24 0;
258.322 3mode2 0.23 0;
42.0862 3mode2 0.21 0;
4.35374 3mode2 0.2 0;
211.882 3mode2 0.19 0;
15.9637 3mode2 0.18 0;
31.9274 3mode2 0.17 0;
555.828 3mode1 0.23 0;
5.80499 3mode1 0.22 0;
13.0612 3mode1 0.21 0;
60.9524 3mode1 0.2 0;
63.8549 3mode1 0.22 0;
31.9274 3mode1 0.21 0;
232.2 3mode1 0.23 0;
7.25624 3mode1 0.24 0;
5.80499 3mode1 0.27 0;
766.258 4R -54.71 2.82;
0 3R -54.71 2.82;
0 2R -54.71 2.82;
0 2R -54.71 2.82;
0 3R -54.71 2.82;
0 4R -54.71 2.82;
0 1R -54.71 2.82;
26.1224 4Y -42.35 2.82;
0 4X 80.41 2.82;
0 3Y -42.35 2.82;
0 3X 80.41 2.82;
0 2Y -42.35 2.82;
0 2X 80.41 2.82;
0 2Y -42.35 2.82;
0 2X 80.41 2.82;
0 3Y -42.35 2.82;
0 3X 80.41 2.82;
0 4Y -42.35 2.82;
0 4X 80.41 2.82;
0 1Y -42.35 2.82;
0 1X 80.41 2.82;
249.615 3mode3 0.2 0;
210.431 3mode3 0.23 0;
27.5737 3mode3 0.24 0;
30.4762 3mode3 0.25 0;
14.5125 3mode3 0.27 0;
84.1723 3mode3 0.31 0;
634.195 3mode3 0.33 0;
94.3311 3mode3 0.36 0;
116.1 3mode3 0.39 0;
104.49 3mode3 0.42 0;
87.0748 3mode3 0.43 0;
53.6961 3mode3 0.44 0;
58.0499 3mode3 0.45 0;
139.32 3mode3 0.47 0;
76.9161 3mode3 0.48 0;
108.844 3mode3 0.5 0;
71.1111 3mode3 0.52 0;
60.9524 3mode3 0.54 0;
7.25624 3mode3 0.56 0;
24.6712 3mode3 0.58 0;
5.80499 3mode3 0.57 0;
10.1587 3mode3 0.59 0;
68.2086 3mode3 0.6 0;
33.3787 3mode3 0.59 0;
74.0136 3mode3 0.6 0;
47.8912 3mode3 0.59 0;
71.1111 3mode3 0.58 0;
68.2086 3mode3 0.59 0;
13.0612 3mode3 0.58 0;
71.1111 3mode3 0.59 0;
43.5374 3mode3 0.6 0;
14.5125 3mode3 0.59 0;
44.9887 3mode3 0.58 0;
34.8299 3mode3 0.59 0;
36.2812 3mode3 0.58 0;
132.063 3mode3 0.57 0;
56.5986 3mode3 0.58 0;
17.415 3mode3 0.57 0;
15.9637 3mode3 0.58 0;
5.80499 3mode3 0.57 0;
52.2449 3mode3 0.58 0;
21.7687 3mode3 0.57 0;
26.1224 3mode3 0.58 0;
13.0612 3mode3 0.57 0;
10.1587 3mode3 0.58 0;
5.80499 3mode3 0.57 0;
5.80499 3mode3 0.58 0;
7.25624 3mode3 0.57 0;
18.8662 3mode3 0.58 0;
10.1587 3mode3 0.57 0;
13.0612 3mode3 0.58 0;
10.1587 3mode3 0.57 0;
5.80499 3mode3 0.58 0;
11.61 3mode3 0.57 0;
7.25624 3mode3 0.58 0;
39.1814 2Y -42.35 2.82;
0 2X 78.63 2.82;
17.415 2Y -40.12 2.82;
0 2X 76.85 2.82;
20.3175 2Y -34.92 2.82;
0 2X 69.72 2.82;
13.0612 2Y -30.46 2.82;
0 2X 60.82 2.82;
15.9637 2Y -24.52 2.82;
0 2X 51.02 2.82;
18.8662 2Y -19.32 2.82;
0 2X 42.12 2.82;
17.415 2Y -10.4 2.82;
0 2X 30.54 2.82;
15.9637 2Y -5.2 2.82;
0 2X 23.42 2.82;
2.90475 3mode3 0.57 0;
13.0589 2Y 0 2.82;
0 2X 17.19 2.82;
15.9637 2Y 5.2 2.82;
0 2X 10.95 2.82;
17.415 2Y 11.14 2.82;
0 2X 2.94 2.82;
17.415 2Y 13.37 2.82;
0 2X -2.4 2.82;
17.415 2Y 14.86 2.82;
0 2X -6.86 2.82;
17.415 2Y 16.34 2.82;
0 2X -10.42 2.82;
15.9637 2Y 17.09 2.82;
0 2X -12.2 2.82;
17.415 2Y 17.09 2.82;
0 2X -13.98 2.82;
0.00213846 3mode3 0.56 0;
15.9616 2Y 17.83 2.82;
0 2X -15.76 2.82;
18.8662 2Y 18.57 2.82;
0 2X -17.54 2.82;
10.1587 2Y 20.06 2.82;
0 2X -19.32 2.82;
17.415 2Y 20.8 2.82;
0 2X -21.1 2.82;
20.3175 2Y 20.8 2.82;
0 2X -21.99 2.82;
94.3332 3mode3 0.57 0;
119.002 3mode3 0.58 0;
92.8798 3mode3 0.59 0;
42.0862 3mode3 0.6 0;
34.8299 3mode3 0.61 0;
31.9274 3mode3 0.62 0;
71.1111 3mode3 0.63 0;
97.2336 3mode3 0.64 0;
21.7687 3mode3 0.65 0;
42.0862 3mode3 0.66 0;
29.0249 3mode3 0.67 0;
49.3424 3mode3 0.68 0;
82.7211 3mode3 0.69 0;
92.8798 3mode3 0.7 0;
29.0249 3mode3 0.71 0;
29.0249 3mode3 0.72 0;
17.415 3mode3 0.73 0;
11.61 3mode3 0.74 0;
18.8662 3mode3 0.75 0;
15.9637 3mode3 0.76 0;
42.0862 3mode3 0.77 0;
44.9887 3mode3 0.78 0;
18.8662 3mode3 0.79 0;
4.34764 3Y -38.64 2.82;
0 3X 79.52 2.82;
15.9637 3Y -29.72 2.82;
0 3X 76.85 2.82;
11.6161 3mode3 0.8 0;
4.34761 3Y -21.55 2.82;
0 3X 75.96 2.82;
2.90863 3mode3 0.81 0;
10.1526 3Y -9.66 2.82;
0 3X 75.96 2.82;
13.0674 3mode3 0.82 0;
4.34762 3Y -3.72 2.82;
0 3X 77.74 2.82;
14.5186 3mode3 0.83 0;
2.89641 3Y 0.74 2.82;
0 3X 78.63 2.82;
17.415 3Y 5.2 2.82;
0 3X 80.41 2.82;
14.5125 3Y 6.68 2.82;
0 3X 81.3 2.82;
5.81101 3mode3 0.84 0;
13.0552 3Y 8.17 2.82;
0 3X 82.19 2.82;
2.90853 3mode3 0.85 0;
8.70748 3mode3 0.86 0;
5.79899 3Y 9.66 2.82;
0 3X 83.08 2.82;
0.00600153 3mode3 0.88 0;
11.61 3mode3 0.89 0;
4.34772 3Y 11.14 2.82;
0 3X 83.97 2.82;
18.8662 3Y 11.88 2.82;
0 3X 84.86 2.82;
2.90853 3mode3 0.91 0;
5.80499 3mode3 0.92 0;
2.89648 3Y 14.11 2.82;
0 3X 86.64 2.82;
4.35975 3mode3 0.94 0;
15.9577 3Y 14.86 2.82;
0 3X 87.53 2.82;
11.6159 3mode3 0.95 0;
2.89655 3Y 15.6 2.82;
0 3X 87.53 2.82;
14.5125 3Y 16.34 2.82;
0 3X 87.53 2.82;
13.0671 3mode3 0.96 0;
7.25624 3mode3 0.97 0;
14.5065 3Y 17.09 2.82;
0 3X 88.42 2.82;
24.6712 3Y 19.31 2.82;
0 3X 89.31 2.82;
8.70748 3Y 20.06 2.82;
0 3X 90.21 2.82;
4.35969 3mode3 0.98 0;
31.9215 3Y 20.8 2.82;
0 3X 90.21 2.82;
10.1647 3mode3 0.99 0;
44.9887 3mode3 1 0;
792.375 4Y -43.09 2.82;
0 4X 80.41 2.82;
13.0612 4Y -43.84 2.82;
0 4X 80.41 2.82;
36.2812 4Y -44.58 2.82;
0 4X 80.41 2.82;
34.8299 4Y -45.32 2.82;
0 4X 79.52 2.82;
13.0612 4Y -47.55 2.82;
0 4X 75.96 2.82;
20.3175 4Y -49.04 2.82;
0 4X 72.4 2.82;
14.5125 4Y -50 2.82;
0 4X 67.05 2.82;
17.415 4Y -50 2.82;
0 4X 59.04 2.82;
17.415 4Y -50 2.82;
0 4X 51.02 2.82;
18.8662 4Y -50 2.82;
0 4X 43.9 2.82;
13.0612 4Y -50 2.82;
0 4X 32.32 2.82;
15.9637 4Y -50 2.82;
0 4X 26.98 2.82;
17.415 4Y -50 2.82;
0 4X 21.64 2.82;
17.415 4Y -50 2.82;
0 4X 16.3 2.82;
17.415 4Y -50 2.82;
0 4X 11.84 2.82;
13.0612 4Y -50 2.82;
0 4X 7.39 2.82;
18.8662 4Y -50 2.82;
0 4X 2.94 2.82;
13.0612 4Y -50 2.82;
0 4X 1.16 2.82;
21.7687 4Y -50 2.82;
0 4X -1.51 2.82;
17.415 4Y -50 2.82;
0 4X -5.08 2.82;
13.0612 4Y -50 2.82;
0 4X -10.42 2.82;
17.415 4Y -50 2.82;
0 4X -15.76 2.82;
18.8662 4Y -50 2.82;
0 4X -21.99 2.82;
15.9637 4Y -50 2.82;
0 4X -24.67 2.82;
17.415 4Y -50 2.82;
0 4X -26.45 2.82;
13.0612 4Y -50 2.82;
0 4X -28.23 2.82;
17.415 4Y -50 2.82;
0 4X -30.01 2.82;
17.415 4Y -50 2.82;
0 4X -31.79 2.82;
18.8662 4Y -50 2.82;
0 4X -34.46 2.82;
14.5125 4Y -50 2.82;
0 4X -38.02 2.82;
17.415 4Y -49.78 2.82;
0 4X -42.48 2.82;
17.415 4Y -48.29 2.82;
0 4X -44.26 2.82;
13.0612 4Y -47.55 2.82;
0 4X -46.04 2.82;
15.9637 4Y -47.55 2.82;
0 4X -47.82 2.82;
18.8662 4Y -46.81 2.82;
0 4X -50.49 2.82;
20.3175 4Y -46.06 2.82;
0 4X -52.27 2.82;
11.61 4Y -45.32 2.82;
0 4X -54.05 2.82;
17.415 4Y -45.32 2.82;
0 4X -55.83 2.82;
13.0612 4Y -45.32 2.82;
0 4X -59.39 2.82;
767.716 3mode3 0 0;
237.994 2Y -42.35 2.82;
0 2X 79.52 2.82;
0 3Y -42.35 2.82;
0 3X 79.52 2.82;
0 4Y -42.35 2.82;
0 4X 79.52 2.82;
0 1Y -42.35 2.82;
0 1X 79.52 2.82;
11.61 2Y -41.61 2.82;
0 2X 77.74 2.82;
0 3Y -41.61 2.82;
0 3X 77.74 2.82;
0 4Y -41.61 2.82;
0 4X 77.74 2.82;
0 1Y -41.61 2.82;
0 1X 77.74 2.82;
18.8662 2Y -40.12 2.82;
0 2X 75.07 2.82;
0 3Y -40.12 2.82;
0 3X 75.07 2.82;
0 4Y -40.12 2.82;
0 4X 75.07 2.82;
0 1Y -40.12 2.82;
0 1X 75.07 2.82;
20.3175 2Y -36.41 2.82;
0 2X 70.61 2.82;
0 3Y -36.41 2.82;
0 3X 70.61 2.82;
0 4Y -36.41 2.82;
0 4X 70.61 2.82;
0 1Y -36.41 2.82;
0 1X 70.61 2.82;
15.9637 2Y -32.69 2.82;
0 2X 64.38 2.82;
0 3Y -32.69 2.82;
0 3X 64.38 2.82;
0 4Y -32.69 2.82;
0 4X 64.38 2.82;
0 1Y -32.69 2.82;
0 1X 64.38 2.82;
13.0612 2Y -21.55 2.82;
0 2X 47.46 2.82;
0 3Y -21.55 2.82;
0 3X 47.46 2.82;
0 4Y -21.55 2.82;
0 4X 47.46 2.82;
0 1Y -21.55 2.82;
0 1X 47.46 2.82;
17.415 2Y -13.38 2.82;
0 2X 35.89 2.82;
0 3Y -13.38 2.82;
0 3X 35.89 2.82;
0 4Y -13.38 2.82;
0 4X 35.89 2.82;
0 1Y -13.38 2.82;
0 1X 35.89 2.82;
18.8662 2Y -8.17 2.82;
0 2X 29.65 2.82;
0 3Y -8.17 2.82;
0 3X 29.65 2.82;
0 4Y -8.17 2.82;
0 4X 29.65 2.82;
0 1Y -8.17 2.82;
0 1X 29.65 2.82;
17.415 2Y -3.72 2.82;
0 2X 24.31 2.82;
0 3Y -3.72 2.82;
0 3X 24.31 2.82;
0 4Y -3.72 2.82;
0 4X 24.31 2.82;
0 1Y -3.72 2.82;
0 1X 24.31 2.82;
15.9637 2Y 0.74 2.82;
0 2X 21.64 2.82;
0 3Y 0.74 2.82;
0 3X 21.64 2.82;
0 4Y 0.74 2.82;
0 4X 21.64 2.82;
0 1Y 0.74 2.82;
0 1X 21.64 2.82;
5.81517 3mode3 1 0;
8.69733 2Y 2.97 2.82;
0 2X 19.86 2.82;
0 3Y 2.97 2.82;
0 3X 19.86 2.82;
0 4Y 2.97 2.82;
0 4X 19.86 2.82;
0 1Y 2.97 2.82;
0 1X 19.86 2.82;
18.8662 2Y 5.2 2.82;
0 2X 18.08 2.82;
0 3Y 5.2 2.82;
0 3X 18.08 2.82;
0 4Y 5.2 2.82;
0 4X 18.08 2.82;
0 1Y 5.2 2.82;
0 1X 18.08 2.82;
11.61 2Y 7.43 2.82;
0 2X 15.41 2.82;
0 3Y 7.43 2.82;
0 3X 15.41 2.82;
0 4Y 7.43 2.82;
0 4X 15.41 2.82;
0 1Y 7.43 2.82;
0 1X 15.41 2.82;
18.8662 2Y 8.91 2.82;
0 2X 14.52 2.82;
0 3Y 8.91 2.82;
0 3X 14.52 2.82;
0 4Y 8.91 2.82;
0 4X 14.52 2.82;
0 1Y 8.91 2.82;
0 1X 14.52 2.82;
18.8662 2Y 10.4 2.82;
0 2X 12.73 2.82;
0 3Y 10.4 2.82;
0 3X 12.73 2.82;
0 4Y 10.4 2.82;
0 4X 12.73 2.82;
0 1Y 10.4 2.82;
0 1X 12.73 2.82;
18.8662 2Y 13.37 2.82;
0 2X 10.06 2.82;
0 3Y 13.37 2.82;
0 3X 10.06 2.82;
0 4Y 13.37 2.82;
0 4X 10.06 2.82;
0 1Y 13.37 2.82;
0 1X 10.06 2.82;
14.5125 2Y 14.86 2.82;
0 2X 9.17 2.82;
0 3Y 14.86 2.82;
0 3X 9.17 2.82;
0 4Y 14.86 2.82;
0 4X 9.17 2.82;
0 1Y 14.86 2.82;
0 1X 9.17 2.82;
4.3639 3mode3 0.99 0;
7.25624 3mode3 0.98 0;
1.44107 2Y 17.83 2.82;
0 2X 7.39 2.82;
0 3Y 17.83 2.82;
0 3X 7.39 2.82;
0 4Y 17.83 2.82;
0 4X 7.39 2.82;
0 1Y 17.83 2.82;
0 1X 7.39 2.82;
10.1689 3mode3 0.96 0;
7.24609 2Y 21.54 2.82;
0 2X 4.72 2.82;
0 3Y 21.54 2.82;
0 3X 4.72 2.82;
0 4Y 21.54 2.82;
0 4X 4.72 2.82;
0 1Y 21.54 2.82;
0 1X 4.72 2.82;
20.3175 2Y 23.03 2.82;
0 2X 3.83 2.82;
0 3Y 23.03 2.82;
0 3X 3.83 2.82;
0 4Y 23.03 2.82;
0 4X 3.83 2.82;
0 1Y 23.03 2.82;
0 1X 3.83 2.82;
17.415 2Y 24.51 2.82;
0 2X 2.94 2.82;
0 3Y 24.51 2.82;
0 3X 2.94 2.82;
0 4Y 24.51 2.82;
0 4X 2.94 2.82;
0 1Y 24.51 2.82;
0 1X 2.94 2.82;
14.5125 2Y 26 2.82;
0 2X 2.05 2.82;
0 3Y 26 2.82;
0 3X 2.05 2.82;
0 4Y 26 2.82;
0 4X 2.05 2.82;
0 1Y 26 2.82;
0 1X 2.05 2.82;
20.3175 2Y 27.49 2.82;
0 2X 1.16 2.82;
0 3Y 27.49 2.82;
0 3X 1.16 2.82;
0 4Y 27.49 2.82;
0 4X 1.16 2.82;
0 1Y 27.49 2.82;
0 1X 1.16 2.82;
13.0612 2Y 28.23 2.82;
0 2X 0.27 2.82;
0 3Y 28.23 2.82;
0 3X 0.27 2.82;
0 4Y 28.23 2.82;
0 4X 0.27 2.82;
0 1Y 28.23 2.82;
0 1X 0.27 2.82;
81.2799 3mode3 0.95 0;
8.70748 3mode3 0.93 0;
17.415 3mode3 0.91 0;
0 3mode3 0.86 0;
5.80499 3mode3 0.77 0;
11.61 3mode3 0.6 0;
8.70748 3mode3 0.46 0;
5.80499 3mode3 0.42 0;
8.70748 3mode3 0.4 0;
10.1587 3mode3 0.39 0;
10.1587 3mode3 0.38 0;
5.80499 3mode3 0.37 0;
7.25624 3mode3 0.36 0;
5.80499 3mode3 0.35 0;
18.8662 3mode3 0.34 0;
42.0862 3mode3 0.33 0;
26.1224 3mode3 0.32 0;
30.4762 3mode3 0.31 0;
24.6712 3mode3 0.3 0;
34.8299 3mode3 0.29 0;
30.4762 3mode3 0.28 0;
17.415 3mode3 0.27 0;
20.3175 3mode3 0.26 0;
11.61 3mode3 0.25 0;
13.0612 3mode3 0.24 0;
7.25624 3mode3 0.23 0;
15.9637 3mode3 0.22 0;
15.9637 3mode3 0.21 0;
8.70748 3mode3 0.2 0;
42.0862 3mode3 0.19 0;
31.9274 3mode3 0.18 0;
53.6961 3mode3 0.17 0;
39.1837 3mode3 0.16 0;
31.9274 3mode3 0.15 0;
0 3mode3 0.14 0;
17.415 3mode3 0.13 0;
17.415 3mode3 0.12 0;
34.8299 3mode3 0.11 0;
7.25624 3mode3 0.1 0;
24.6712 3mode3 0.09 0;
29.0249 3mode3 0.08 0;
62.4036 3mode3 0.07 0;
24.6712 3mode3 0.06 0;
18.8662 3mode3 0.05 0;
24.6712 3mode3 0.04 0;
26.1224 3mode3 0.03 0;
7.25624 3mode3 0.02 0;
17.415 3mode3 0.01 0;
23.22 3mode3 0 0;
619.683 3mode3 0.01 0;
14.5125 3mode3 0.02 0;
0 3mode3 0.03 0;
7.25624 3mode3 0.04 0;
5.80499 3mode3 0.06 0;
13.0612 3mode3 0.08 0;
5.80499 3mode3 0.09 0;
7.25624 3mode3 0.1 0;
13.0612 3mode3 0.11 0;
5.80499 3mode3 0.12 0;
18.8662 3mode3 0.13 0;
7.25624 3mode3 0.15 0;
5.80499 3mode3 0.17 0;
8.70748 3mode3 0.21 0;
7.25624 3mode3 0.38 0;
13.0612 3mode3 0.53 0;
7.25624 3mode3 0.56 0;
5.80499 3mode3 0.6 0;
13.0612 3mode3 0.61 0;
5.80499 3mode3 0.62 0;
18.8662 3mode3 0.63 0;
14.5125 3mode3 0.64 0;
23.22 3mode3 0.65 0;
27.5737 3mode3 0.66 0;
20.3175 3mode3 0.67 0;
29.0249 3mode3 0.68 0;
7.25624 3mode3 0.69 0;
21.7687 3mode3 0.7 0;
18.8662 3mode3 0.71 0;
8.70748 3mode3 0.72 0;
15.9637 3mode3 0.73 0;
29.0249 3mode3 0.74 0;
15.9637 3mode3 0.75 0;
20.3175 3mode3 0.76 0;
24.6712 3mode3 0.77 0;
33.3787 3mode3 0.78 0;
8.70748 3mode3 0.79 0;
74.0136 3mode3 0.8 0;
242.358 3mode3 0.79 0;
24.6712 3mode3 0.78 0;
30.4762 3mode3 0.77 0;
13.0612 3mode3 0.76 0;
17.415 3mode3 0.75 0;
15.9637 3mode3 0.74 0;
13.0612 3mode3 0.73 0;
13.0612 3mode3 0.72 0;
15.9637 3mode3 0.71 0;
18.8662 3mode3 0.7 0;
4.35374 3mode3 0.69 0;
31.9274 3mode3 0.68 0;
8.70748 3mode3 0.67 0;
36.2812 3mode3 0.66 0;
24.6712 3mode3 0.65 0;
11.61 3mode3 0.64 0;
27.5737 3mode3 0.63 0;
18.8662 3mode3 0.62 0;
18.8662 3mode3 0.61 0;
17.415 3mode3 0.6 0;
11.61 3mode3 0.59 0;
5.80499 3mode3 0.58 0;
5.80499 3mode3 0.57 0;
17.415 3mode3 0.56 0;
8.70748 3mode3 0.55 0;
31.9274 3mode3 0.54 0;
17.415 3mode3 0.53 0;
17.415 3mode3 0.52 0;
11.61 3mode3 0.51 0;
13.0612 3mode3 0.52 0;
5.80499 3mode3 0.51 0;
17.415 3mode3 0.5 0;
10.1587 3mode3 0.49 0;
15.9637 3mode3 0.48 0;
34.8299 3mode3 0.47 0;
7.25624 3mode3 0.46 0;
40.6349 3mode3 0.44 0;
10.1587 3mode3 0.43 0;
7.25624 3mode3 0.42 0;
14.5125 3mode3 0.41 0;
11.61 3mode3 0.4 0;
5.80499 3mode3 0.38 0;
18.8662 3mode3 0.37 0;
0 3mode3 0.36 0;
5.80499 3mode3 0.35 0;
7.25624 3mode3 0.33 0;
10.1587 3mode3 0.31 0;
17.415 3mode3 0.29 0;
5.80499 3mode3 0.28 0;
11.61 3mode3 0.27 0;
5.80499 3mode3 0.25 0;
11.61 3mode3 0.24 0;
5.80499 3mode3 0.22 0;
8.70748 3mode3 0.21 0;
5.80499 3mode3 0.18 0;
15.9637 3mode3 0.17 0;
11.61 3mode3 0.15 0;
5.80499 3mode3 0.14 0;
11.61 3mode3 0.13 0;
5.80499 3mode3 0.12 0;
17.415 3mode3 0.11 0;
34.8299 3mode3 0.1 0;
53.6961 3mode3 0.09 0;
11.61 3mode3 0.08 0;
82.7211 3mode3 0.07 0;
26.1224 3mode3 0.06 0;
50.7937 3mode3 0.07 0;
11.61 3mode3 0.08 0;
5.80499 3mode3 0.1 0;
5.80499 3mode3 0.12 0;
5.80499 3mode3 0.15 0;
13.0612 3mode3 0.19 0;
5.80499 3mode3 0.23 0;
10.1587 3mode3 0.29 0;
8.70748 3mode3 0.35 0;
5.80499 3mode3 0.43 0;
11.61 3mode3 0.45 0;
5.80499 3mode3 0.47 0;
7.25624 3mode3 0.49 0;
20.3175 3mode3 0.5 0;
17.415 3mode3 0.51 0;
7.25624 3mode3 0.52 0;
15.9637 3mode3 0.53 0;
14.5125 3mode3 0.54 0;
11.61 3mode3 0.56 0;
10.1587 3mode3 0.57 0;
5.80499 3mode3 0.58 0;
17.415 3mode3 0.59 0;
5.80499 3mode3 0.6 0;
17.415 3mode3 0.61 0;
23.22 3mode3 0.62 0;
18.8662 3mode3 0.63 0;
10.1587 3mode3 0.64 0;
39.1837 3mode3 0.65 0;
10.1587 3mode3 0.66 0;
30.4762 3mode3 0.67 0;
10.1587 3mode3 0.68 0;
39.1837 3mode3 0.69 0;
50.7937 3mode3 0.7 0;
31.9274 3mode3 0.71 0;
52.2449 3mode3 0.72 0;
21.7687 3mode3 0.73 0;
29.0249 3mode3 0.74 0;
26.1224 3mode3 0.75 0;
21.7687 3mode3 0.76 0;
42.0862 3mode3 0.77 0;
31.9274 3mode3 0.78 0;
46.4399 3mode3 0.79 0;
31.9274 3mode3 0.8 0;
21.7561 4R -54.71 2.82;
0 3R -54.71 2.82;
0 2R -54.71 2.82;
0 2R -54.71 2.82;
0 3R -54.71 2.82;
0 4R -54.71 2.82;
0 1R -54.71 2.82;
20.3175 4Y 4.46 2.82;
0 4X -16.65 2.82;
0 3Y 4.46 2.82;
0 3X -16.65 2.82;
0 2Y 4.46 2.82;
0 2X -16.65 2.82;
0 2Y 4.46 2.82;
0 2X -16.65 2.82;
0 3Y 4.46 2.82;
0 3X -16.65 2.82;
0 4Y 4.46 2.82;
0 4X -16.65 2.82;
0 1Y 4.46 2.82;
0 1X -16.65 2.82;
5.81752 3mode3 0.81 0;
46.4399 3mode3 0.82 0;
43.5374 3mode3 0.83 0;
222.041 3mode3 0.82 0;
33.3787 3mode3 0.81 0;
26.1224 3mode3 0.8 0;
23.22 3mode3 0.79 0;
30.4762 3mode3 0.78 0;
29.0249 3mode3 0.77 0;
20.3175 3mode3 0.76 0;
59.5011 3mode3 0.75 0;
119.002 3mode3 0.74 0;
66.7574 3mode3 0.73 0;
42.0862 3mode3 0.72 0;
37.7324 3mode3 0.71 0;
46.4399 3mode3 0.7 0;
37.7324 3mode3 0.69 0;
26.1224 3mode3 0.68 0;
33.3787 3mode3 0.67 0;
36.2812 3mode3 0.66 0;
34.8299 3mode3 0.65 0;
37.7324 3mode3 0.64 0;
31.9274 3mode3 0.63 0;
26.1224 3mode3 0.62 0;
8.70748 3mode3 0.61 0;
15.9637 3mode3 0.6 0;
20.3175 3mode3 0.59 0;
26.1224 3mode3 0.58 0;
11.61 3mode3 0.57 0;
21.7687 3mode3 0.56 0;
26.1224 3mode3 0.55 0;
10.1587 3mode3 0.54 0;
8.70748 3mode3 0.53 0;
18.8662 3mode3 0.52 0;
15.9637 3mode3 0.51 0;
17.415 3mode3 0.5 0;
8.70748 3mode3 0.49 0;
17.415 3mode3 0.48 0;
7.25624 3mode3 0.46 0;
11.61 3mode3 0.44 0;
20.3175 3mode3 0.43 0;
0 3mode3 0.41 0;
5.80499 3mode3 0.35 0;
11.61 3mode3 0.3 0;
7.25624 3mode3 0.29 0;
10.1587 3mode3 0.23 0;
7.25624 3mode3 0.21 0;
18.8662 3mode3 0.17 0;
0 3mode3 0.15 0;
7.25624 3mode3 0.11 0;
4.35374 3mode3 0.09 0;
8.70748 3mode3 0.08 0;
11.61 3mode3 0.07 0;
7.25624 3mode3 0.04 0;
17.415 3mode3 0.01 0;
7.25624 3mode3 0 0;
860.59 3mode3 1 0;
72.5624 3mode3 0.99 0;
5.80499 3mode3 0.96 0;
7.25624 3mode3 0.94 0;
11.61 3mode3 0.92 0;
1.45125 3mode3 0.9 0;
18.8662 3mode3 0.88 0;
5.80499 3mode3 0.87 0;
7.25624 3mode3 0.85 0;
39.1837 3mode3 0.83 0;
14.5125 3mode3 0.82 0;
365.714 3mode3 0.81 0;
23.22 3mode3 0.82 0;
76.9161 3mode3 0.81 0;
23.22 3mode3 0.82 0;
21.7687 3mode3 0.83 0;
26.1224 3mode3 0.86 0;
26.1224 3mode3 0.91 0;
5.80499 3mode3 1 0;
17.415 3mode3 0 0;
4292.79 3mode3 0.02 0;
11.61 3mode3 0.07 0;
11.61 3mode3 0.14 0;
15.9637 3mode3 0.17 0;
5.80499 3mode3 0.19 0;
11.61 3mode3 0.2 0;
15.9637 3mode3 0.21 0;
8.70748 3mode3 0.22 0;
17.415 3mode3 0.21 0;
82.7211 3mode3 0.22 0;
49.3424 3mode3 0.23 0;
226.395 3mode3 0.22 0;
17.415 3mode3 0.2 0;
7.25624 3mode3 0.19 0;
5.80499 3mode3 0.17 0;
7.25624 3mode3 0.16 0;
11.61 3mode3 0.14 0;
15.9637 3mode3 0.12 0;
33.3787 3mode3 0.11 0;
143.673 3mode3 0.1 0;
18.8662 3mode3 0.09 0;
2.90249 3mode3 0.07 0;
17.415 3mode3 0.06 0;
7.25624 3mode3 0.05 0;
8.70748 3mode3 0.03 0;
17.415 3mode3 0.01 0;
18.8662 3mode3 0 0;
285.896 3mode3 1 0;
602.268 3mode3 0 0;
909.932 3mode3 1 0;
621.134 3mode3 0 0;
664.671 3mode3 0.01 0;
419.41 3mode3 0 0;
336.689 3mode3 0.02 0;
7.25624 3mode3 0.03 0;
4.35374 3mode3 0.04 0;
11.61 3mode3 0.06 0;
5.80499 3mode3 0.07 0;
11.61 3mode3 0.09 0;
7.25624 3mode3 0.11 0;
7.25624 3mode3 0.12 0;
11.61 3mode3 0.14 0;
5.80499 3mode3 0.16 0;
4.35374 3mode3 0.17 0;
13.0612 3mode3 0.18 0;
47.8912 3mode3 0.19 0;
188.662 3mode3 0.17 0;
4.35374 3mode3 0.15 0;
14.5125 3mode3 0.14 0;
11.61 3mode3 0.12 0;
13.0612 3mode3 0.11 0;
0 3mode3 0.09 0;
10.1587 3mode3 0.08 0;
10.1587 3mode3 0.06 0;
13.0612 3mode3 0.05 0;
11.61 3mode3 0.04 0;
10.1587 3mode3 0.03 0;
5.80499 3mode3 0.02 0;
10.1587 3mode3 0.01 0;
4.35374 3mode3 0 0;
663.22 3mode3 0.01 0;
5.80499 3mode3 0.02 0;
15.9637 3mode3 0.03 0;
0 3mode3 0.05 0;
5.80499 3mode3 0.07 0;
8.70748 3mode3 0.09 0;
11.61 3mode3 0.11 0;
17.415 3mode3 0.13 0;
0 3mode3 0.15 0;
5.80499 3mode3 0.17 0;
5.80499 3mode3 0.18 0;
11.61 3mode3 0.19 0;
15.9637 3mode3 0.2 0;
5.80499 3mode3 0.21 0;
15.9637 3mode3 0.22 0;
26.1224 3mode3 0.23 0;
15.9637 3mode3 0.25 0;
15.9637 3mode3 0.26 0;
11.61 3mode3 0.28 0;
5.80499 3mode3 0.29 0;
11.61 3mode3 0.3 0;
23.22 3mode3 0.31 0;
76.9161 3mode3 0.3 0;
8.70748 3mode3 0.28 0;
14.5125 3mode3 0.25 0;
8.70748 3mode3 0.23 0;
10.1587 3mode3 0.2 0;
7.25624 3mode3 0.18 0;
4.35374 3mode3 0.14 0;
13.0612 3mode3 0.11 0;
4.35374 3mode3 0.07 0;
11.61 3mode3 0.05 0;
5.80499 3mode3 0.02 0;
11.61 3mode3 0 0;
307.664 3mode3 0.06 0;
7.25624 3mode3 0.13 0;
7.25624 3mode3 0.17 0;
11.61 3mode3 0.22 0;
5.80499 3mode3 0.27 0;
7.25624 3mode3 0.31 0;
10.1587 3mode3 0.33 0;
5.80499 3mode3 0.35 0;
11.61 3mode3 0.36 0;
17.415 3mode3 0.37 0;
5.80499 3mode3 0.38 0;
10.1587 3mode3 0.39 0;
5.80499 3mode3 0.4 0;
8.70748 3mode3 0.41 0;
33.3787 3mode3 0.42 0;
11.61 3mode3 0.43 0;
114.649 3mode3 0.42 0;
7.25624 3mode3 0.41 0;
21.7687 3mode3 0.4 0;
5.80499 3mode3 0.39 0;
13.0612 3mode3 0.37 0;
11.61 3mode3 0.35 0;
5.80499 3mode3 0.32 0;
11.61 3mode3 0.31 0;
5.80499 3mode3 0.28 0;
10.1587 3mode3 0.27 0;
5.80499 3mode3 0.22 0;
7.25624 3mode3 0.19 0;
21.7687 3mode3 0.15 0;
5.80499 3mode3 0.06 0;
5.80499 3mode3 0.03 0;
14.5125 3mode3 0 0;
581.95 3mode3 0.06 0;
8.70748 3mode3 0.21 0;
11.61 3mode3 0.25 0;
5.80499 3mode3 0.28 0;
11.61 3mode3 0.31 0;
5.80499 3mode3 0.33 0;
5.80499 3mode3 0.34 0;
11.61 3mode3 0.36 0;
5.80499 3mode3 0.37 0;
8.70748 3mode3 0.38 0;
8.70748 3mode3 0.39 0;
5.80499 3mode3 0.4 0;
10.1587 3mode3 0.41 0;
18.8662 3mode3 0.42 0;
13.0612 3mode3 0.43 0;
134.966 3mode3 0.42 0;
13.0612 3mode3 0.41 0;
21.7687 3mode3 0.36 0;
7.25624 3mode3 0.32 0;
7.25624 3mode3 0.29 0;
10.1587 3mode3 0.25 0;
5.80499 3mode3 0.2 0;
11.61 3mode3 0.15 0;
10.1587 3mode3 0.09 0;
5.80499 3mode3 0.05 0;
7.25624 3mode3 0.02 0;
7.25624 3mode3 0 0;
