0 4mode3;
0 4mode2;
0 4mode1;
0 4L3;
0 4L2;
0 4L1;
0 4R;
0 4Y -38.63 0;
0 4X 3.83 0;
0 3mode3;
0 3mode2;
0 3mode1;
0 3L3;
0 3L2 0 0.66;
0 3L1 0 0.66;
0 3R;
0 3Y 45.32 0;
0 3X 18.08 0;
0 2mode3;
0 2mode2;
0 2mode1;
0 2L3;
0 2L2;
0 2L1;
0 2R;
0 2Y -2.23 0;
0 2X 66.16 0;
0 1mode3;
0 1mode2;
0 1mode1;
0 1L3;
0 1L2;
0 1L1;
0 1R;
0 1Y -2.23 0;
0 1X -73.29 0;
14.5125 4R -54.71 5.63;
0 4Y 15.6 5.63;
0 4X -49.6 5.63;
0 3R -54.71 5.63;
0 3Y 15.6 5.63;
0 3X -49.6 5.63;
0 2R -54.71 5.63;
0 2Y 15.6 5.63;
0 2X -49.6 5.63;
0 1R -54.71 5.63;
0 1Y 15.6 5.63;
0 1X -49.6 5.63;
1637.01 3L2 0.74 0.66;
13.0612 3L2 1.11 0.66;
5.80499 3L2 1.48 0.66;
10.1587 3L2 1.85 0.66;
8.70748 3L2 2.22 0.66;
8.70748 3L2 2.59 0.66;
8.70748 3L2 2.96 0.66;
11.61 3L2 3.33 0.66;
2.90249 3L2 3.7 0.66;
26.1224 3L2 4.07 0.66;
5.80499 3L2 4.44 0.66;
18.8662 3L2 4.81 0.66;
17.415 3L2 5.18 0.66;
26.1224 3L2 5.55 0.66;
65.3061 3L2 5.91 0.66;
10.1587 3L2 6.28 0.66;
24.6712 3L2 6.65 0.66;
7.25624 3L2 7.02 0.66;
52.2449 3L2 7.39 0.66;
20.3175 3L2 7.76 0.66;
13.0612 3L2 8.13 0.66;
4.35643 4R -54.71 2.82;
0 3R -54.71 2.82;
1.44856 3L2 8.5 0.66;
5.80768 2R -54.71 2.82;
0 2R -54.71 2.82;
0 3R -54.71 2.82;
0 4R -54.71 2.82;
0 1R -54.71 2.82;
11.6073 3L2 8.87 0.66;
1.45391 4Y -14.86 2.82;
0 4X 100 2.82;
0 3Y -14.86 2.82;
0 3X 100 2.82;
0 2Y -14.86 2.82;
0 2X 100 2.82;
0 2Y -14.86 2.82;
0 2X 100 2.82;
0 3Y -14.86 2.82;
0 3X 100 2.82;
0 4Y -14.86 2.82;
0 4X 100 2.82;
0 1Y -14.86 2.82;
0 1X 100 2.82;
20.3148 3L2 9.24 0.66;
60.9524 3L2 9.61 0.66;
11.61 3L2 9.98 0.66;
7.25624 3L2 10.35 0.66;
7.25624 3L2 10.72 0.66;
11.61 3L2 11.09 0.66;
52.2449 3L2 11.46 0.66;
13.0612 3L2 11.83 0.66;
27.5737 3L2 12.2 0.66;
18.8662 3L2 12.57 0.66;
0 3L2 12.94 0.66;
14.5125 3L2 13.31 0.66;
2.90249 3L2 13.68 0.66;
11.61 3L2 14.05 0.66;
13.0612 3L2 14.42 0.66;
10.1587 3L2 14.79 0.66;
13.0612 3L2 15.16 0.66;
7.25624 3L2 15.53 0.66;
11.61 3L2 15.9 0.66;
23.22 3L2 16.27 0.66;
2.90249 3L2 16.64 0.66;
5.80499 3L2 17.01 0.66;
8.70748 3L2 17.38 0.66;
10.1587 3L2 17.74 0.66;
7.25624 3L2 18.11 0.66;
18.8662 3L2 18.48 0.66;
13.0612 3L2 18.85 0.66;
15.9637 3L2 19.22 0.66;
31.9274 3L2 19.59 0.66;
7.25624 3L2 19.96 0.66;
100.136 3L2 20.33 0.66;
10.1587 3L2 20.7 0.66;
0 3L2 21.07 0.66;
11.61 3L2 21.44 0.66;
2.90249 3L2 21.81 0.66;
13.0612 3L2 22.18 0.66;
7.25624 3L2 22.55 0.66;
20.3175 3L2 22.92 0.66;
34.8299 3L2 23.29 0.66;
20.3175 3L2 23.66 0.66;
4.35374 3L2 24.03 0.66;
7.25624 3L2 24.4 0.66;
11.61 3L2 25.14 0.66;
2.90249 3L2 25.51 0.66;
13.0612 3L2 26.25 0.66;
7.25624 3L2 26.99 0.66;
13.0612 3L2 27.36 0.66;
7.25624 3L2 27.73 0.66;
17.415 3L2 28.47 0.66;
8.70748 3L2 28.84 0.66;
13.0612 3L2 29.21 0.66;
7.25624 3L2 29.57 0.66;
33.3787 3L2 29.94 0.66;
0 3L2 30.31 0.66;
0 3L2 30.68 0.66;
13.0612 3L2 31.42 0.66;
7.25624 3L2 31.79 0.66;
10.1587 3L2 32.53 0.66;
8.70748 3L2 32.9 0.66;
11.61 3L2 33.27 0.66;
0 3L2 34.01 0.66;
10.1587 3L2 34.38 0.66;
10.1587 3L2 34.75 0.66;
8.70748 3L2 35.49 0.66;
11.61 3L2 35.86 0.66;
0 3L2 36.23 0.66;
8.70748 3L2 36.6 0.66;
29.0249 3L2 37.34 0.66;
4.35374 3L2 38.08 0.66;
4.35374 3L2 38.45 0.66;
14.5125 3L2 38.82 0.66;
8.70748 3L2 39.19 0.66;
31.9274 3L2 39.56 0.66;
0 3L2 39.93 0.66;
20.3175 3L2 40.3 0.66;
11.61 3L2 40.67 0.66;
8.70748 3L2 41.04 0.66;
7.25624 3L2 41.4 0.66;
13.0612 3L2 41.77 0.66;
8.70748 3L2 42.14 0.66;
5.80499 3L2 42.51 0.66;
24.6712 3L2 42.88 0.66;
4.35374 3L2 43.25 0.66;
4.35374 3L2 43.62 0.66;
10.1587 3L2 43.99 0.66;
0 3L2 44.36 0.66;
13.0612 3L2 44.73 0.66;
8.70748 3L2 45.1 0.66;
7.25624 3L2 45.47 0.66;
0 3L2 46.21 0.66;
13.0612 3L2 46.58 0.66;
15.9637 3L2 47.32 0.66;
0 3L2 48.06 0.66;
7.25624 3L2 48.8 0.66;
21.7687 3L2 49.54 0.66;
0 3L2 50.28 0.66;
7.25624 3L2 51.02 0.66;
0 3L2 51.76 0.66;
31.9274 3L2 53.23 0.66;
8.70748 3L2 53.97 0.66;
0 3L2 54.34 0.66;
7.25624 3L2 54.71 0.66;
0 3L2 55.45 0.66;
15.9637 3L2 55.82 0.66;
74.0136 3L2 56.19 0.66;
33.3787 3L2 56.56 0.66;
15.9637 3L2 56.93 0.66;
4.35374 3L2 57.67 0.66;
8.70748 3L2 58.04 0.66;
5.80499 3L2 58.41 0.66;
15.9637 3L2 58.78 0.66;
11.61 3L2 59.15 0.66;
40.6349 3L2 59.52 0.66;
0 3L2 59.89 0.66;
7.25624 3L2 60.26 0.66;
8.70748 3L2 60.63 0.66;
7.25624 3L2 61 0.66;
10.1587 3L2 61.37 0.66;
4.35374 3L2 61.74 0.66;
10.1587 3L2 62.11 0.66;
11.61 3L2 62.48 0.66;
7.25624 3L2 62.85 0.66;
15.9637 3L2 63.22 0.66;
14.5125 3L2 63.59 0.66;
7.25624 3L2 63.96 0.66;
8.70748 3L2 64.33 0.66;
0 3L2 64.7 0.66;
17.415 3L2 65.06 0.66;
8.70748 3L2 65.43 0.66;
18.8662 3L2 65.8 0.66;
0 3L2 66.91 0.66;
8.70748 3L2 67.65 0.66;
5.80499 3L2 68.39 0.66;
8.70748 3L2 68.76 0.66;
7.25624 3L2 69.5 0.66;
17.415 3L2 70.24 0.66;
0 3L2 70.98 0.66;
13.0612 3L2 71.72 0.66;
7.25624 3L2 72.46 0.66;
5.80499 3L2 73.2 0.66;
18.8662 3L2 73.94 0.66;
0 3L2 74.31 0.66;
15.9637 3L2 75.05 0.66;
0 3L2 75.42 0.66;
13.0612 3L2 75.79 0.66;
4.35374 3L2 76.52 0.66;
8.70748 3L2 76.89 0.66;
10.1587 3L2 77.63 0.66;
4.35374 3L2 78.37 0.66;
5.80499 3L2 79.11 0.66;
8.70748 3L2 79.85 0.66;
7.25624 3L2 80.59 0.66;
17.415 3L2 81.33 0.66;
0 3L2 82.07 0.66;
11.61 3L2 82.81 0.66;
7.25624 3L2 83.55 0.66;
11.61 3L2 84.29 0.66;
31.9274 3L2 84.66 0.66;
20.3175 3L2 85.4 0.66;
0 3L2 85.77 0.66;
0 3L2 86.14 0.66;
0 3L2 86.51 0.66;
0 3L2 86.88 0.66;
0 3L2 87.25 0.66;
23.22 3L2 88.72 0.66;
0 3L2 89.46 0.66;
13.0612 3L2 90.2 0.66;
20.3175 3L2 90.57 0.66;
0 3L2 91.31 0.66;
7.25624 3L2 92.05 0.66;
66.7574 3L2 92.79 0.66;
30.4762 3L2 93.16 0.66;
0 3L2 93.53 0.66;
0 3L2 94.27 0.66;
0 3L2 94.64 0.66;
0 3L2 95.01 0.66;
0 3L2 95.38 0.66;
0 3L2 95.75 0.66;
13.0612 3L2 96.12 0.66;
0 3L2 96.49 0.66;
0 3L2 96.86 0.66;
8.70748 3L2 97.23 0.66;
20.3175 3L2 97.6 0.66;
7.25624 3L2 98.34 0.66;
20.3175 3L2 98.71 0.66;
7.25624 3L2 99.45 0.66;
0 3L2 99.82 0.66;
24.6712 3L2 100 0.66;
1303.22 3L1 0.37 0.66;
10.1587 3L1 1.11 0.66;
11.61 3L1 2.96 0.66;
0 3L1 4.81 0.66;
13.0612 3L1 5.91 0.66;
4.35374 3L1 7.02 0.66;
13.0612 3L1 7.76 0.66;
7.25624 3L1 8.5 0.66;
5.80499 3L1 9.61 0.66;
11.61 3L1 10.72 0.66;
7.25624 3L1 11.46 0.66;
5.80499 3L1 12.2 0.66;
10.1587 3L1 12.94 0.66;
5.80499 3L1 13.68 0.66;
11.61 3L1 14.42 0.66;
5.80499 3L1 15.16 0.66;
11.61 3L1 16.27 0.66;
5.80499 3L1 17.01 0.66;
18.8662 3L1 17.74 0.66;
7.25624 3L1 18.11 0.66;
10.1587 3L1 18.48 0.66;
15.9637 3L1 18.85 0.66;
5.80499 3L1 19.22 0.66;
11.61 3L1 19.59 0.66;
5.80499 3L1 20.33 0.66;
5.80499 3L1 20.7 0.66;
11.61 3L1 21.07 0.66;
10.1587 3L1 21.81 0.66;
8.70748 3L1 22.18 0.66;
7.25624 3L1 22.92 0.66;
5.80499 3L1 23.66 0.66;
11.61 3L1 24.03 0.66;
5.80499 3L1 24.4 0.66;
5.80499 3L1 25.14 0.66;
23.22 3L1 25.51 0.66;
5.80499 3L1 25.88 0.66;
10.1587 3L1 26.25 0.66;
24.6712 3L1 26.62 0.66;
123.356 3L1 26.99 0.66;
11.61 3L1 27.36 0.66;
5.80499 3L1 27.73 0.66;
15.9637 3L1 28.1 0.66;
17.415 3L1 28.47 0.66;
15.9637 3L1 28.84 0.66;
7.25624 3L1 29.21 0.66;
18.8662 3L1 29.57 0.66;
4.35324 4R -54.71 2.82;
0 3R -54.71 2.82;
2.90299 3L1 29.94 0.66;
2.902 2R -54.71 2.82;
0 2R -54.71 2.82;
0 3R -54.71 2.82;
0 4R -54.71 2.82;
0 1R -54.71 2.82;
11.61 4Y 15.6 2.82;
0 4X -49.6 2.82;
0 3Y 15.6 2.82;
0 3X -49.6 2.82;
0 2Y 15.6 2.82;
0 2X -49.6 2.82;
0 2Y 15.6 2.82;
0 2X -49.6 2.82;
0 3Y 15.6 2.82;
0 3X -49.6 2.82;
0 4Y 15.6 2.82;
0 4X -49.6 2.82;
0 1Y 15.6 2.82;
0 1X -49.6 2.82;
0.000475626 3L1 30.31 0.66;
15.9637 3L1 30.68 0.66;
8.70748 3L1 31.05 0.66;
53.6961 3L1 31.42 0.66;
62.4036 3L1 31.79 0.66;
11.61 3L1 32.53 0.66;
24.6712 3L1 32.9 0.66;
8.70748 3L1 33.27 0.66;
21.7687 3L1 33.64 0.66;
26.1224 3L1 34.01 0.66;
7.25624 3L1 34.38 0.66;
20.3175 3L1 34.75 0.66;
11.61 3L1 35.12 0.66;
5.80499 3L1 35.49 0.66;
10.1587 3L1 35.86 0.66;
10.1587 3L1 36.23 0.66;
10.1587 3L1 36.6 0.66;
11.61 3L1 36.97 0.66;
0 3L1 37.34 0.66;
18.8662 3L1 37.71 0.66;
1.45125 3L1 38.08 0.66;
13.0612 3L1 38.45 0.66;
14.5125 3L1 38.82 0.66;
7.25624 3L1 39.19 0.66;
13.0612 3L1 39.56 0.66;
7.25624 3L1 40.67 0.66;
17.415 3L1 41.04 0.66;
5.80499 3L1 41.4 0.66;
5.80499 3L1 41.77 0.66;
10.1587 3L1 42.14 0.66;
5.80499 3L1 42.88 0.66;
13.0612 3L1 43.25 0.66;
2.90249 3L1 43.62 0.66;
11.61 3L1 43.99 0.66;
14.5125 3L1 44.36 0.66;
8.70748 3L1 44.73 0.66;
13.0612 3L1 45.1 0.66;
29.0249 3L1 45.47 0.66;
33.3787 3L1 46.58 0.66;
13.0612 3L1 46.95 0.66;
0 3L1 47.32 0.66;
20.3175 3L1 48.06 0.66;
7.25624 3L1 48.43 0.66;
7.25624 3L1 49.17 0.66;
4.35374 3L1 49.91 0.66;
21.7687 3L1 50.28 0.66;
36.2812 3L1 51.02 0.66;
8.70748 3L1 51.39 0.66;
8.70748 3L1 51.76 0.66;
5.80499 3L1 52.13 0.66;
7.25624 3L1 52.5 0.66;
18.8662 3L1 52.87 0.66;
7.25624 3L1 53.23 0.66;
81.2698 3L1 53.6 0.66;
20.3175 3L1 53.97 0.66;
4.35374 3L1 54.34 0.66;
13.0612 3L1 54.71 0.66;
7.25624 3L1 55.08 0.66;
14.5125 3L1 55.45 0.66;
13.0612 3L1 55.82 0.66;
0 3L1 56.19 0.66;
8.70748 3L1 56.56 0.66;
14.5125 3L1 56.93 0.66;
0 3L1 57.3 0.66;
14.5125 3L1 57.67 0.66;
0 3L1 58.04 0.66;
14.5125 3L1 58.41 0.66;
13.0612 3L1 58.78 0.66;
40.6349 3L1 59.15 0.66;
7.25624 3L1 59.52 0.66;
8.70748 3L1 59.89 0.66;
7.25624 3L1 60.26 0.66;
7.25624 3L1 60.63 0.66;
11.61 3L1 61 0.66;
10.1587 3L1 61.37 0.66;
4.35374 3L1 61.74 0.66;
29.0249 3L1 62.11 0.66;
0 3L1 63.22 0.66;
8.70748 3L1 63.59 0.66;
7.25624 3L1 64.33 0.66;
8.70748 3L1 64.7 0.66;
8.70748 3L1 65.43 0.66;
5.80499 3L1 65.8 0.66;
13.0612 3L1 66.17 0.66;
0 3L1 66.54 0.66;
13.0612 3L1 66.91 0.66;
8.70748 3L1 68.02 0.66;
7.25624 3L1 68.76 0.66;
5.80499 3L1 69.13 0.66;
10.1587 3L1 69.87 0.66;
8.70748 3L1 70.61 0.66;
7.25624 3L1 70.98 0.66;
14.5125 3L1 71.35 0.66;
0 3L1 72.09 0.66;
11.61 3L1 72.46 0.66;
4.35374 3L1 73.2 0.66;
11.61 3L1 73.94 0.66;
10.1587 3L1 74.68 0.66;
8.70748 3L1 75.42 0.66;
13.0612 3L1 75.79 0.66;
0 3L1 76.52 0.66;
8.70748 3L1 76.89 0.66;
13.0612 3L1 77.26 0.66;
2.90249 3L1 77.63 0.66;
14.5125 3L1 78.37 0.66;
0 3L1 78.74 0.66;
11.61 3L1 79.11 0.66;
8.70748 3L1 79.85 0.66;
8.70748 3L1 80.59 0.66;
5.80499 3L1 81.33 0.66;
13.0612 3L1 81.7 0.66;
17.415 3L1 82.44 0.66;
0 3L1 82.81 0.66;
7.25624 3L1 83.18 0.66;
8.70748 3L1 83.55 0.66;
13.0612 3L1 83.92 0.66;
7.25624 3L1 84.29 0.66;
2.90249 3L1 85.03 0.66;
5.80499 3L1 86.14 0.66;
10.1587 3L1 86.51 0.66;
7.25624 3L1 87.25 0.66;
5.80499 3L1 87.62 0.66;
14.5125 3L1 87.99 0.66;
7.25624 3L1 88.35 0.66;
7.25624 3L1 88.72 0.66;
14.5125 3L1 89.09 0.66;
8.70748 3L1 89.46 0.66;
0 3L1 90.2 0.66;
8.70748 3L1 90.57 0.66;
17.415 3L1 90.94 0.66;
15.9637 3L1 92.05 0.66;
0 3L1 92.42 0.66;
5.80499 3L1 93.16 0.66;
8.70748 3L1 93.53 0.66;
5.80499 3L1 93.9 0.66;
13.0612 3L1 94.27 0.66;
1.45125 3L1 94.64 0.66;
13.0612 3L1 95.01 0.66;
4.35374 3L1 95.75 0.66;
8.70748 3L1 96.12 0.66;
8.70748 3L1 96.49 0.66;
7.25624 3L1 96.86 0.66;
7.25624 3L1 97.6 0.66;
7.25624 3L1 97.97 0.66;
8.70748 3L1 98.71 0.66;
5.80499 3L1 99.08 0.66;
8.70748 3L1 99.45 0.66;
15.9637 3L1 100 0.66;
1663.13 4R -54.71 2.82;
0 3R -54.71 2.82;
0 2R -54.71 2.82;
0 2R -54.71 2.82;
0 3R -54.71 2.82;
0 4R -54.71 2.82;
0 1R -54.71 2.82;
26.1224 4Y -42.35 2.82;
0 4X 80.41 2.82;
0 3Y -42.35 2.82;
0 3X 80.41 2.82;
0 2Y -42.35 2.82;
0 2X 80.41 2.82;
0 2Y -42.35 2.82;
0 2X 80.41 2.82;
0 3Y -42.35 2.82;
0 3X 80.41 2.82;
0 4Y -42.35 2.82;
0 4X 80.41 2.82;
0 1Y -42.35 2.82;
0 1X 80.41 2.82;
248.164 3mode3 0.03 0.66;
52.2449 3mode3 0.11 0.66;
30.4762 3mode3 0.22 0.66;
49.3424 3mode3 0.3 0.66;
5.80499 3mode3 0.38 0.66;
30.4762 3mode3 0.5 0.66;
43.5374 3mode3 0.54 0.66;
29.0249 3mode3 0.56 0.66;
271.383 3mode3 0.58 0.66;
153.832 3mode3 0.57 0.66;
5.80499 3mode3 0.56 0.66;
75.4649 3mode3 0.58 0.66;
18.8662 3mode3 0.59 0.66;
63.8549 3mode3 0.61 0.66;
18.8662 3mode3 0.62 0.66;
24.6712 3mode3 0.63 0.66;
49.3424 3mode3 0.64 0.66;
8.70748 3mode3 0.65 0.66;
7.25624 3mode3 0.66 0.66;
13.0612 3mode3 0.67 0.66;
18.8662 3mode3 0.68 0.66;
14.5125 3mode3 0.67 0.66;
14.5125 3mode3 0.68 0.66;
13.0612 3mode3 0.67 0.66;
29.0249 3mode3 0.68 0.66;
168.345 3mode3 0.69 0.66;
15.9637 3mode3 0.7 0.66;
5.80499 3mode3 0.69 0.66;
31.9274 3mode3 0.68 0.66;
88.5261 3mode3 0.67 0.66;
53.6961 3mode3 0.68 0.66;
40.6349 3mode3 0.69 0.66;
39.1837 3mode3 0.7 0.66;
42.0862 3mode3 0.71 0.66;
62.4036 3mode3 0.72 0.66;
94.3311 3mode3 0.73 0.66;
121.905 3mode3 0.74 0.66;
100.136 3mode3 0.75 0.66;
105.941 3mode3 0.76 0.66;
53.6961 3mode3 0.77 0.66;
371.519 3mode3 0.76 0.66;
13.0612 3mode3 0.77 0.66;
13.0612 3mode3 0.76 0.66;
664.669 2Y -42.35 2.82;
0 2X 78.63 2.82;
17.415 2Y -40.12 2.82;
0 2X 76.85 2.82;
20.3175 2Y -34.92 2.82;
0 2X 69.72 2.82;
13.0612 2Y -30.46 2.82;
0 2X 60.82 2.82;
15.9637 2Y -24.52 2.82;
0 2X 51.02 2.82;
18.8662 2Y -19.32 2.82;
0 2X 42.12 2.82;
17.415 2Y -10.4 2.82;
0 2X 30.54 2.82;
15.9637 2Y -5.2 2.82;
0 2X 23.42 2.82;
15.9637 2Y 0 2.82;
0 2X 17.19 2.82;
15.9637 2Y 5.2 2.82;
0 2X 10.95 2.82;
17.415 2Y 11.14 2.82;
0 2X 2.94 2.82;
17.415 2Y 13.37 2.82;
0 2X -2.4 2.82;
17.415 2Y 14.86 2.82;
0 2X -6.86 2.82;
17.415 2Y 16.34 2.82;
0 2X -10.42 2.82;
15.9637 2Y 17.09 2.82;
0 2X -12.2 2.82;
17.415 2Y 17.09 2.82;
0 2X -13.98 2.82;
15.9637 2Y 17.83 2.82;
0 2X -15.76 2.82;
18.8662 2Y 18.57 2.82;
0 2X -17.54 2.82;
8.70965 3mode1 0.34 0.66;
1.44905 2Y 20.06 2.82;
0 2X -19.32 2.82;
17.415 2Y 20.8 2.82;
0 2X -21.1 2.82;
20.3175 2Y 20.8 2.82;
0 2X -21.99 2.82;
56.6008 3mode1 0.35 0.66;
43.5374 3mode1 0.36 0.66;
168.345 3mode1 0.35 0.66;
33.3787 3mode1 0.34 0.66;
5.80499 3mode1 0.33 0.66;
7.25624 3mode1 0.32 0.66;
11.61 3mode1 0.31 0.66;
66.7574 3mode1 0.3 0.66;
171.247 3mode1 0.29 0.66;
121.905 3mode1 0.28 0.66;
171.247 3mode1 0.29 0.66;
275.731 3Y -38.64 2.82;
0 3X 79.52 2.82;
15.9637 3Y -29.72 2.82;
0 3X 76.85 2.82;
15.9637 3Y -21.55 2.82;
0 3X 75.96 2.82;
13.0612 3Y -9.66 2.82;
0 3X 75.96 2.82;
17.415 3Y -3.72 2.82;
0 3X 77.74 2.82;
17.415 3Y 0.74 2.82;
0 3X 78.63 2.82;
17.415 3Y 5.2 2.82;
0 3X 80.41 2.82;
14.5125 3Y 6.68 2.82;
0 3X 81.3 2.82;
18.8662 3Y 8.17 2.82;
0 3X 82.19 2.82;
17.415 3Y 9.66 2.82;
0 3X 83.08 2.82;
15.9637 3Y 11.14 2.82;
0 3X 83.97 2.82;
18.8662 3Y 11.88 2.82;
0 3X 84.86 2.82;
11.61 3Y 14.11 2.82;
0 3X 86.64 2.82;
20.3175 3Y 14.86 2.82;
0 3X 87.53 2.82;
14.5125 3Y 15.6 2.82;
0 3X 87.53 2.82;
14.5125 3Y 16.34 2.82;
0 3X 87.53 2.82;
34.8299 3Y 17.09 2.82;
0 3X 88.42 2.82;
24.6712 3Y 19.31 2.82;
0 3X 89.31 2.82;
8.70748 3Y 20.06 2.82;
0 3X 90.21 2.82;
36.2812 3Y 20.8 2.82;
0 3X 90.21 2.82;
483.271 3mode1 0.3 0.66;
207.528 3mode1 0.31 0.66;
13.0612 3mode1 0.32 0.66;
23.22 3mode1 0.33 0.66;
26.1224 3mode1 0.34 0.66;
5.80499 3mode1 0.35 0.66;
13.0612 3mode1 0.36 0.66;
13.0612 3mode1 0.38 0.66;
15.9637 3mode1 0.39 0.66;
11.61 3mode1 0.43 0.66;
7.25624 3mode1 0.45 0.66;
8.70748 3mode1 0.47 0.66;
4.35374 3mode1 0.49 0.66;
8.70748 3mode1 0.5 0.66;
5.79875 4Y -43.09 2.82;
0 4X 80.41 2.82;
1.45749 3mode1 0.51 0.66;
11.6037 4Y -43.84 2.82;
0 4X 80.41 2.82;
0.0062671 3mode1 0.52 0.66;
7.25624 3mode1 0.53 0.66;
7.25624 3mode1 0.54 0.66;
8.70748 3mode1 0.55 0.66;
10.1587 3mode1 0.56 0.66;
2.89625 4Y -44.58 2.82;
0 4X 80.41 2.82;
4.35999 3mode1 0.57 0.66;
11.61 3mode1 0.58 0.66;
18.8599 4Y -45.32 2.82;
0 4X 79.52 2.82;
1.45752 3mode1 0.59 0.66;
11.6037 4Y -47.55 2.82;
0 4X 75.96 2.82;
4.36004 3mode1 0.6 0.66;
15.9575 4Y -49.04 2.82;
0 4X 72.4 2.82;
11.6162 3mode1 0.61 0.66;
2.89626 4Y -50 2.82;
0 4X 67.05 2.82;
14.5187 3mode1 0.62 0.66;
2.8963 4Y -50 2.82;
0 4X 59.04 2.82;
13.0674 3mode1 0.63 0.66;
4.34758 4Y -50 2.82;
0 4X 51.02 2.82;
18.8662 4Y -50 2.82;
0 4X 43.9 2.82;
13.0612 4Y -50 2.82;
0 4X 32.32 2.82;
0.00620106 3mode1 0.64 0.66;
15.9575 4Y -50 2.82;
0 4X 26.98 2.82;
2.90871 3mode1 0.65 0.66;
14.5063 4Y -50 2.82;
0 4X 21.64 2.82;
17.415 4Y -50 2.82;
0 4X 16.3 2.82;
8.71363 3mode1 0.66 0.66;
8.70137 4Y -50 2.82;
0 4X 11.84 2.82;
13.0612 4Y -50 2.82;
0 4X 7.39 2.82;
8.71362 3mode1 0.67 0.66;
10.1526 4Y -50 2.82;
0 4X 2.94 2.82;
13.0612 4Y -50 2.82;
0 4X 1.16 2.82;
4.35992 3mode1 0.68 0.66;
17.4088 4Y -50 2.82;
0 4X -1.51 2.82;
8.71367 3mode1 0.69 0.66;
8.70134 4Y -50 2.82;
0 4X -5.08 2.82;
7.26238 3mode1 0.7 0.66;
5.79882 4Y -50 2.82;
0 4X -10.42 2.82;
17.415 4Y -50 2.82;
0 4X -15.76 2.82;
18.8662 4Y -50 2.82;
0 4X -21.99 2.82;
15.9637 4Y -50 2.82;
0 4X -24.67 2.82;
13.0674 3mode1 0.71 0.66;
4.34761 4Y -50 2.82;
0 4X -26.45 2.82;
13.0612 4Y -50 2.82;
0 4X -28.23 2.82;
17.415 4Y -50 2.82;
0 4X -30.01 2.82;
17.415 4Y -50 2.82;
0 4X -31.79 2.82;
14.5186 3mode1 0.72 0.66;
4.34764 4Y -50 2.82;
0 4X -34.46 2.82;
14.5125 4Y -50 2.82;
0 4X -38.02 2.82;
4.35981 3mode1 0.73 0.66;
13.0552 4Y -49.78 2.82;
0 4X -42.48 2.82;
17.415 4Y -48.29 2.82;
0 4X -44.26 2.82;
13.0612 4Y -47.55 2.82;
0 4X -46.04 2.82;
13.0672 3mode1 0.74 0.66;
2.89645 4Y -47.55 2.82;
0 4X -47.82 2.82;
18.8662 4Y -46.81 2.82;
0 4X -50.49 2.82;
20.3175 4Y -46.06 2.82;
0 4X -52.27 2.82;
11.61 4Y -45.32 2.82;
0 4X -54.05 2.82;
17.415 4Y -45.32 2.82;
0 4X -55.83 2.82;
13.0612 4Y -45.32 2.82;
0 4X -59.39 2.82;
281.548 3mode1 0.75 0.66;
46.4399 3mode1 0.76 0.66;
341.043 3mode1 0.75 0.66;
149.478 3mode1 0.74 0.66;
39.1837 3mode1 0.73 0.66;
43.5374 3mode1 0.72 0.66;
37.7324 3mode1 0.71 0.66;
37.7324 3mode1 0.7 0.66;
5.80499 3mode1 0.69 0.66;
23.2097 2Y -42.35 2.82;
0 2X 79.52 2.82;
0 3Y -42.35 2.82;
0 3X 79.52 2.82;
0 4Y -42.35 2.82;
0 4X 79.52 2.82;
0 1Y -42.35 2.82;
0 1X 79.52 2.82;
0.0102285 3mode1 0.68 0.66;
11.5998 2Y -41.61 2.82;
0 2X 77.74 2.82;
0 3Y -41.61 2.82;
0 3X 77.74 2.82;
0 4Y -41.61 2.82;
0 4X 77.74 2.82;
0 1Y -41.61 2.82;
0 1X 77.74 2.82;
5.81519 3mode1 0.67 0.66;
13.051 2Y -40.12 2.82;
0 2X 75.07 2.82;
0 3Y -40.12 2.82;
0 3X 75.07 2.82;
0 4Y -40.12 2.82;
0 4X 75.07 2.82;
0 1Y -40.12 2.82;
0 1X 75.07 2.82;
0.0102192 3mode1 0.65 0.66;
14.5125 3mode1 0.64 0.66;
5.79481 2Y -36.41 2.82;
0 2X 70.61 2.82;
0 3Y -36.41 2.82;
0 3X 70.61 2.82;
0 4Y -36.41 2.82;
0 4X 70.61 2.82;
0 1Y -36.41 2.82;
0 1X 70.61 2.82;
0.01018 3mode1 0.63 0.66;
11.61 3mode1 0.62 0.66;
4.34354 2Y -32.69 2.82;
0 2X 64.38 2.82;
0 3Y -32.69 2.82;
0 3X 64.38 2.82;
0 4Y -32.69 2.82;
0 4X 64.38 2.82;
0 1Y -32.69 2.82;
0 1X 64.38 2.82;
4.36394 3mode1 0.61 0.66;
8.69726 2Y -21.55 2.82;
0 2X 47.46 2.82;
0 3Y -21.55 2.82;
0 3X 47.46 2.82;
0 4Y -21.55 2.82;
0 4X 47.46 2.82;
0 1Y -21.55 2.82;
0 1X 47.46 2.82;
5.81521 3mode1 0.6 0.66;
11.5998 2Y -13.38 2.82;
0 2X 35.89 2.82;
0 3Y -13.38 2.82;
0 3X 35.89 2.82;
0 4Y -13.38 2.82;
0 4X 35.89 2.82;
0 1Y -13.38 2.82;
0 1X 35.89 2.82;
10.1689 3mode1 0.59 0.66;
2.90249 3mode1 0.58 0.66;
5.79479 2Y -8.17 2.82;
0 2X 29.65 2.82;
0 3Y -8.17 2.82;
0 3X 29.65 2.82;
0 4Y -8.17 2.82;
0 4X 29.65 2.82;
0 1Y -8.17 2.82;
0 1X 29.65 2.82;
8.71768 3mode1 0.57 0.66;
7.25624 3mode1 0.56 0.66;
1.44108 2Y -3.72 2.82;
0 2X 24.31 2.82;
0 3Y -3.72 2.82;
0 3X 24.31 2.82;
0 4Y -3.72 2.82;
0 4X 24.31 2.82;
0 1Y -3.72 2.82;
0 1X 24.31 2.82;
13.0714 3mode1 0.54 0.66;
2.89231 2Y 0.74 2.82;
0 2X 21.64 2.82;
0 3Y 0.74 2.82;
0 3X 21.64 2.82;
0 4Y 0.74 2.82;
0 4X 21.64 2.82;
0 1Y 0.74 2.82;
0 1X 21.64 2.82;
14.5125 2Y 2.97 2.82;
0 2X 19.86 2.82;
0 3Y 2.97 2.82;
0 3X 19.86 2.82;
0 4Y 2.97 2.82;
0 4X 19.86 2.82;
0 1Y 2.97 2.82;
0 1X 19.86 2.82;
0.010155 3mode1 0.53 0.66;
10.1587 3mode1 0.52 0.66;
8.69731 2Y 5.2 2.82;
0 2X 18.08 2.82;
0 3Y 5.2 2.82;
0 3X 18.08 2.82;
0 4Y 5.2 2.82;
0 4X 18.08 2.82;
0 1Y 5.2 2.82;
0 1X 18.08 2.82;
0.0101683 3mode1 0.5 0.66;
0 3mode1 0.49 0.66;
11.5998 2Y 7.43 2.82;
0 2X 15.41 2.82;
0 3Y 7.43 2.82;
0 3X 15.41 2.82;
0 4Y 7.43 2.82;
0 4X 15.41 2.82;
0 1Y 7.43 2.82;
0 1X 15.41 2.82;
0.0101458 3mode1 0.47 0.66;
13.0612 3mode1 0.46 0.66;
5.79483 2Y 8.91 2.82;
0 2X 14.52 2.82;
0 3Y 8.91 2.82;
0 3X 14.52 2.82;
0 4Y 8.91 2.82;
0 4X 14.52 2.82;
0 1Y 8.91 2.82;
0 1X 14.52 2.82;
4.3639 3mode1 0.45 0.66;
5.80499 3mode1 0.44 0.66;
8.69731 2Y 10.4 2.82;
0 2X 12.73 2.82;
0 3Y 10.4 2.82;
0 3X 12.73 2.82;
0 4Y 10.4 2.82;
0 4X 12.73 2.82;
0 1Y 10.4 2.82;
0 1X 12.73 2.82;
0.0101724 3mode1 0.42 0.66;
7.25624 3mode1 0.41 0.66;
11.5998 2Y 13.37 2.82;
0 2X 10.06 2.82;
0 3Y 13.37 2.82;
0 3X 10.06 2.82;
0 4Y 13.37 2.82;
0 4X 10.06 2.82;
0 1Y 13.37 2.82;
0 1X 10.06 2.82;
0.0101857 3mode1 0.39 0.66;
4.35374 3mode1 0.37 0.66;
7.25624 3mode1 0.35 0.66;
2.89234 2Y 14.86 2.82;
0 2X 9.17 2.82;
0 3Y 14.86 2.82;
0 3X 9.17 2.82;
0 4Y 14.86 2.82;
0 4X 9.17 2.82;
0 1Y 14.86 2.82;
0 1X 9.17 2.82;
13.0612 2Y 17.83 2.82;
0 2X 7.39 2.82;
0 3Y 17.83 2.82;
0 3X 7.39 2.82;
0 4Y 17.83 2.82;
0 4X 7.39 2.82;
0 1Y 17.83 2.82;
0 1X 7.39 2.82;
0.0101814 3mode1 0.34 0.66;
13.0612 3mode1 0.33 0.66;
4.3436 2Y 21.54 2.82;
0 2X 4.72 2.82;
0 3Y 21.54 2.82;
0 3X 4.72 2.82;
0 4Y 21.54 2.82;
0 4X 4.72 2.82;
0 1Y 21.54 2.82;
0 1X 4.72 2.82;
0.0101461 3mode1 0.32 0.66;
20.3074 2Y 23.03 2.82;
0 2X 3.83 2.82;
0 3Y 23.03 2.82;
0 3X 3.83 2.82;
0 4Y 23.03 2.82;
0 4X 3.83 2.82;
0 1Y 23.03 2.82;
0 1X 3.83 2.82;
17.415 2Y 24.51 2.82;
0 2X 2.94 2.82;
0 3Y 24.51 2.82;
0 3X 2.94 2.82;
0 4Y 24.51 2.82;
0 4X 2.94 2.82;
0 1Y 24.51 2.82;
0 1X 2.94 2.82;
14.5125 2Y 26 2.82;
0 2X 2.05 2.82;
0 3Y 26 2.82;
0 3X 2.05 2.82;
0 4Y 26 2.82;
0 4X 2.05 2.82;
0 1Y 26 2.82;
0 1X 2.05 2.82;
20.3175 2Y 27.49 2.82;
0 2X 1.16 2.82;
0 3Y 27.49 2.82;
0 3X 1.16 2.82;
0 4Y 27.49 2.82;
0 4X 1.16 2.82;
0 1Y 27.49 2.82;
0 1X 1.16 2.82;
13.0612 2Y 28.23 2.82;
0 2X 0.27 2.82;
0 3Y 28.23 2.82;
0 3X 0.27 2.82;
0 4Y 28.23 2.82;
0 4X 0.27 2.82;
0 1Y 28.23 2.82;
0 1X 0.27 2.82;
165.452 3mode1 0.31 0.66;
14.5125 3mode1 0.29 0.66;
11.61 3mode1 0.28 0.66;
5.80499 3mode1 0.27 0.66;
7.25624 3mode1 0.26 0.66;
15.9637 3mode1 0.25 0.66;
595.011 3mode1 0.26 0.66;
3326.26 3mode3 0.62 0.66;
55.1474 3mode3 0.61 0.66;
11.61 3mode3 0.6 0.66;
7.25624 3mode3 0.59 0.66;
7.25624 3mode3 0.57 0.66;
17.415 3mode3 0.56 0.66;
5.80499 3mode3 0.55 0.66;
23.22 3mode3 0.54 0.66;
27.5737 3mode3 0.52 0.66;
139.307 4R -54.71 2.82;
0 3R -54.71 2.82;
0 2R -54.71 2.82;
0 2R -54.71 2.82;
0 3R -54.71 2.82;
0 4R -54.71 2.82;
0 1R -54.71 2.82;
11.6225 3mode3 0.51 0.66;
8.69495 4Y 4.46 2.82;
0 4X -16.65 2.82;
0 3Y 4.46 2.82;
0 3X -16.65 2.82;
0 2Y 4.46 2.82;
0 2X -16.65 2.82;
0 2Y 4.46 2.82;
0 2X -16.65 2.82;
0 3Y 4.46 2.82;
0 3X -16.65 2.82;
0 4Y 4.46 2.82;
0 4X -16.65 2.82;
0 1Y 4.46 2.82;
0 1X -16.65 2.82;
0.0125316 3mode3 0.5 0.66;
7.25624 3mode3 0.49 0.66;
17.415 3mode3 0.48 0.66;
11.61 3mode3 0.45 0.66;
24.6712 3mode3 0.44 0.66;
2.90249 3mode3 0.43 0.66;
13.0612 3mode3 0.42 0.66;
5.80499 3mode3 0.41 0.66;
17.415 3mode3 0.4 0.66;
60.9524 3mode3 0.41 0.66;
15.9637 3mode3 0.4 0.66;
4.35374 3mode3 0.39 0.66;
24.6712 3mode3 0.38 0.66;
0 3mode3 0.37 0.66;
13.0612 3mode3 0.35 0.66;
5.80499 3mode3 0.34 0.66;
14.5125 3mode3 0.33 0.66;
1.45125 3mode3 0.3 0.66;
7.25624 3mode3 0.29 0.66;
11.61 3mode3 0.27 0.66;
4.35374 3mode3 0.26 0.66;
13.0612 3mode3 0.24 0.66;
2.90249 3mode3 0.22 0.66;
13.0612 3mode3 0.21 0.66;
5.80499 3mode3 0.2 0.66;
7.25624 3mode3 0.18 0.66;
18.8662 3mode3 0.16 0.66;
15.9637 3mode3 0.15 0.66;
7.25624 3mode3 0.14 0.66;
13.0612 3mode3 0.13 0.66;
0 3mode3 0.12 0.66;
15.9637 3mode3 0.11 0.66;
2.90249 3mode3 0.1 0.66;
13.0612 3mode3 0.09 0.66;
5.80499 3mode3 0.08 0.66;
7.25624 3mode3 0.07 0.66;
8.70748 3mode3 0.06 0.66;
13.0612 3mode3 0.04 0.66;
13.0612 3mode3 0.03 0.66;
7.25624 3mode3 0.02 0.66;
18.8662 3mode3 0.01 0.66;
13.0612 3mode3 0 0.66;
185.76 3mode3 1 0.66;
653.061 3L2 99.63 0.66;
7.25624 3L2 98.89 0.66;
8.70748 3L2 97.78 0.66;
5.80499 3L2 97.04 0.66;
8.70748 3L2 96.3 0.66;
11.61 3L2 95.19 0.66;
10.1587 3L2 94.45 0.66;
7.25624 3L2 93.35 0.66;
1.45125 3L2 92.61 0.66;
14.5125 3L2 91.87 0.66;
5.80499 3L2 91.13 0.66;
15.9637 3L2 90.39 0.66;
8.70748 3L2 89.65 0.66;
0 3L2 88.54 0.66;
13.0612 3L2 87.8 0.66;
0 3L2 86.69 0.66;
14.5125 3L2 85.95 0.66;
2.90249 3L2 84.47 0.66;
14.5125 3L2 83.73 0.66;
7.25624 3L2 82.99 0.66;
10.1587 3L2 82.26 0.66;
5.80499 3L2 81.52 0.66;
5.80499 3L2 80.78 0.66;
10.1587 3L2 80.04 0.66;
11.61 3L2 79.3 0.66;
10.1587 3L2 78.56 0.66;
4.35374 3L2 77.82 0.66;
5.80499 3L2 77.45 0.66;
11.61 3L2 76.71 0.66;
7.25624 3L2 75.97 0.66;
10.1587 3L2 74.12 0.66;
7.25624 3L2 73.38 0.66;
11.61 3L2 72.64 0.66;
0 3L2 71.9 0.66;
11.61 3L2 71.16 0.66;
10.1587 3L2 70.43 0.66;
5.80499 3L2 69.69 0.66;
8.70748 3L2 68.95 0.66;
7.25624 3L2 67.84 0.66;
8.70748 3L2 67.1 0.66;
15.9637 3L2 65.25 0.66;
2.90249 3L2 63.4 0.66;
10.1587 3L2 61.18 0.66;
7.25624 3L2 58.23 0.66;
10.1587 3L2 55.27 0.66;
5.80499 3L2 53.79 0.66;
7.25624 3L2 53.05 0.66;
7.25624 3L2 51.94 0.66;
8.70748 3L2 51.2 0.66;
8.70748 3L2 50.09 0.66;
5.80499 3L2 48.98 0.66;
8.70748 3L2 48.24 0.66;
7.25624 3L2 47.13 0.66;
10.1587 3L2 46.03 0.66;
17.415 3L2 45.29 0.66;
0 3L2 44.18 0.66;
11.61 3L2 43.44 0.66;
5.80499 3L2 42.33 0.66;
7.25624 3L2 41.59 0.66;
10.1587 3L2 40.85 0.66;
8.70748 3L2 39 0.66;
2.90249 3L2 37.52 0.66;
18.8662 3L2 36.41 0.66;
4.35374 3L2 35.3 0.66;
7.25624 3L2 33.46 0.66;
2.90249 3L2 31.98 0.66;
14.5125 3L2 30.87 0.66;
8.70748 3L2 26.8 0.66;
2.90249 3L2 22.74 0.66;
14.5125 3L2 19.41 0.66;
10.1587 3L2 16.45 0.66;
0 3L2 14.6 0.66;
8.70748 3L2 12.75 0.66;
10.1587 3L2 10.54 0.66;
13.0612 3L2 9.8 0.66;
1.45125 3L2 9.06 0.66;
7.25624 3L2 8.32 0.66;
14.5125 3L2 7.58 0.66;
8.70748 3L2 7.21 0.66;
105.941 3L2 6.47 0.66;
8.70748 3L2 6.1 0.66;
7.25624 3L2 5.73 0.66;
10.1587 3L2 5.36 0.66;
5.80499 3L2 4.99 0.66;
573.243 3L1 99.63 0.66;
20.3175 3L1 99.26 0.66;
8.70748 3L1 97.41 0.66;
5.80499 3L1 92.24 0.66;
8.70748 3L1 88.91 0.66;
10.1587 3L1 85.21 0.66;
7.25624 3L1 81.89 0.66;
11.61 3L1 78.93 0.66;
0 3L1 75.6 0.66;
15.9637 3L1 73.38 0.66;
8.70748 3L1 70.79 0.66;
2.90249 3L1 69.69 0.66;
8.70748 3L1 68.21 0.66;
11.61 3L1 66.36 0.66;
7.25624 3L1 63.4 0.66;
13.0612 3L1 54.53 0.66;
0 3L1 50.46 0.66;
14.5125 3L1 45.66 0.66;
5.80499 3L1 41.59 0.66;
5.80499 3L1 37.89 0.66;
5.80499 3L1 34.57 0.66;
14.5125 3L1 31.61 0.66;
7.25624 3L1 29.02 0.66;
5.80499 3L1 28.28 0.66;
5.80499 3L1 27.17 0.66;
11.61 3L1 26.43 0.66;
7.25624 3L1 25.69 0.66;
13.0612 3L1 24.95 0.66;
5.80499 3L1 23.84 0.66;
10.1587 3L1 22.74 0.66;
7.25624 3L1 21.63 0.66;
5.80499 3L1 20.89 0.66;
10.1587 3L1 18.67 0.66;
5.80499 3L1 17.19 0.66;
13.0612 3L1 16.08 0.66;
5.80499 3L1 14.97 0.66;
7.25624 3L1 13.49 0.66;
5.80499 3L1 11.28 0.66;
13.0612 3L1 8.32 0.66;
5.80499 3L1 6.1 0.66;
10.1587 3L1 3.51 0.66;
7.25624 3L1 1.29 0.66;
5.80499 3L1 0 0.66;
626.939 3L2 4.62 0.66;
13.0612 3L2 4.25 0.66;
5.80499 3L2 3.51 0.66;
4.35374 3L2 2.77 0.66;
11.61 3L2 2.03 0.66;
7.25624 3L2 1.29 0.66;
10.1587 3L2 0.18 0.66;
5.80499 3L2 0 0.66;
