1243.72 3Y 30.77 0;
0 3X 20.62 0;
36.2812 3Y 30.77 0;
0 3X 21.4 0;
47.8912 3Y 30.77 0;
0 3X 22.96 0;
36.2812 3Y 30.77 0;
0 3X 25.29 0;
31.9274 3Y 30.77 0;
0 3X 26.85 0;
11.61 3Y 30.77 0;
0 3X 29.96 0;
49.3424 3Y 30.77 0;
0 3X 31.52 0;
39.1837 3Y 29.48 0;
0 3X 35.41 0;
13.0612 3Y 29.48 0;
0 3X 37.74 0;
53.6961 3Y 30.77 0;
0 3X 38.52 0;
14.5125 3Y 30.77 0;
0 3X 39.3 0;
33.3787 3Y 30.77 0;
0 3X 40.08 0;
47.8912 3Y 30.77 0;
0 3X 43.19 0;
88.5261 3Y 29.48 0;
0 3X 43.97 0;
15.9637 3Y 30.77 0;
0 3X 47.08 0;
15.9637 3Y 30.77 0;
0 3X 47.86 0;
33.3787 3Y 30.77 0;
0 3X 48.64 0;
31.9274 3Y 29.48 0;
0 3X 49.42 0;
18.8662 3Y 29.48 0;
0 3X 50.97 0;
40.6349 3Y 29.48 0;
0 3X 52.53 0;
27.5737 3Y 29.48 0;
0 3X 53.31 0;
26.1224 3Y 30.77 0;
0 3X 54.86 0;
52.2449 3Y 30.77 0;
0 3X 55.64 0;
87.0748 3Y 30.77 0;
0 3X 57.98 0;
63.8549 3Y 30.77 0;
0 3X 58.75 0;
71.1111 3Y 29.48 0;
0 3X 61.09 0;
13.0612 3Y 29.48 0;
0 3X 61.87 0;
30.4762 3Y 29.48 0;
0 3X 62.65 0;
33.3787 3Y 29.48 0;
0 3X 63.42 0;
53.6961 3Y 29.48 0;
0 3X 65.76 0;
13.0612 3Y 29.48 0;
0 3X 66.54 0;
65.3061 3Y 29.48 0;
0 3X 67.32 0;
34.8299 3Y 29.48 0;
0 3X 68.09 0;
563.084 3Y 29.48 0;
0 3X 68.87 0;
0 3Y 29.48 0;
0 3X 70.43 0;
5.80499 3Y 29.48 0;
0 3X 71.98 0;
132.063 3Y 29.48 0;
0 3X 74.32 0;
31.9274 3Y 29.48 0;
0 3X 75.1 0;
27.5737 3Y 29.48 0;
0 3X 75.88 0;
27.5737 3Y 29.48 0;
0 3X 76.65 0;
179.955 3Y 29.48 0;
0 3X 75.88 0;
15.9637 3Y 29.48 0;
0 3X 75.1 0;
36.2812 3Y 29.48 0;
0 3X 73.54 0;
11.61 3Y 29.48 0;
0 3X 71.98 0;
78.3673 3Y 29.48 0;
0 3X 69.65 0;
47.8912 3Y 29.48 0;
0 3X 66.54 0;
10.1587 3Y 29.48 0;
0 3X 64.2 0;
40.6349 3Y 29.48 0;
0 3X 62.65 0;
49.3424 3Y 29.48 0;
0 3X 58.75 0;
11.61 3Y 28.2 0;
0 3X 54.09 0;
29.0249 3Y 28.2 0;
0 3X 51.75 0;
81.2698 3Y 28.2 0;
0 3X 48.64 0;
0 3Y 26.92 0;
0 3X 45.53 0;
5.80499 3Y 25.64 0;
0 3X 40.86 0;
14.5125 3Y 25.64 0;
0 3X 39.3 0;
69.6599 3Y 25.64 0;
0 3X 34.63 0;
29.0249 3Y 24.36 0;
0 3X 31.52 0;
69.6599 3Y 23.07 0;
0 3X 28.4 0;
26.1224 3Y 20.51 0;
0 3X 24.51 0;
7.25624 3Y 20.51 0;
0 3X 22.96 0;
68.2086 3Y 19.23 0;
0 3X 22.18 0;
17.415 3Y 17.94 0;
0 3X 15.18 0;
13.0612 3Y 17.94 0;
0 3X 12.84 0;
37.7324 3Y 17.94 0;
0 3X 10.51 0;
27.5737 3Y 17.94 0;
0 3X 5.06 0;
17.415 3Y 17.94 0;
0 3X 2.72 0;
36.2812 3Y 17.94 0;
0 3X 1.95 0;
52.2449 3Y 17.94 0;
0 3X -2.72 0;
0 3Y 17.94 0;
0 3X -4.28 0;
30.4762 3Y 17.94 0;
0 3X -11.28 0;
21.7687 3Y 16.66 0;
0 3X -15.18 0;
7.25624 3Y 16.66 0;
0 3X -17.51 0;
37.7324 3Y 17.94 0;
0 3X -23.74 0;
17.415 3Y 17.94 0;
0 3X -27.63 0;
39.1837 3Y 17.94 0;
0 3X -32.3 0;
7.25624 3Y 17.94 0;
0 3X -35.41 0;
65.3061 3Y 19.23 0;
0 3X -39.3 0;
43.5374 3Y 19.23 0;
0 3X -40.08 0;
33.3787 3Y 19.23 0;
0 3X -42.41 0;
34.8299 3Y 19.23 0;
0 3X -44.75 0;
43.5374 3Y 19.23 0;
0 3X -47.08 0;
17.415 3Y 19.23 0;
0 3X -48.64 0;
33.3787 3Y 19.23 0;
0 3X -53.31 0;
13.0612 3Y 20.51 0;
0 3X -54.86 0;
53.6961 3Y 21.79 0;
0 3X -61.09 0;
18.8662 3Y 23.07 0;
0 3X -63.42 0;
29.0249 3Y 24.36 0;
0 3X -64.98 0;
17.415 3Y 24.36 0;
0 3X -66.54 0;
31.9274 3Y 24.36 0;
0 3X -67.32 0;
34.8299 3Y 25.64 0;
0 3X -68.87 0;
17.415 3Y 26.92 0;
0 3X -71.21 0;
47.8912 3Y 26.92 0;
0 3X -73.54 0;
24.6712 3Y 26.92 0;
0 3X -74.32 0;
23.22 3Y 26.92 0;
0 3X -75.1 0;
15.9637 3Y 26.92 0;
0 3X -75.88 0;
39.1837 3Y 26.92 0;
0 3X -76.65 0;
29.0249 3Y 26.92 0;
0 3X -78.21 0;
17.415 3Y 26.92 0;
0 3X -78.99 0;
37.7324 3Y 28.2 0;
0 3X -79.77 0;
27.5737 3Y 28.2 0;
0 3X -82.1 0;
40.6349 3Y 29.48 0;
0 3X -83.66 0;
5.80499 3Y 29.48 0;
0 3X -85.21 0;
291.701 3Y 29.48 0;
0 3X -84.44 0;
11.61 3Y 29.48 0;
0 3X -83.66 0;
21.7687 3Y 29.48 0;
0 3X -82.88 0;
31.9274 3Y 28.2 0;
0 3X -81.32 0;
15.9637 3Y 28.2 0;
0 3X -80.54 0;
63.8549 3Y 28.2 0;
0 3X -78.99 0;
34.8299 3Y 28.2 0;
0 3X -78.21 0;
49.3424 3Y 26.92 0;
0 3X -77.43 0;
31.9274 3Y 26.92 0;
0 3X -75.88 0;
34.8299 3Y 26.92 0;
0 3X -74.32 0;
69.6599 3Y 26.92 0;
0 3X -70.43 0;
30.4762 3Y 26.92 0;
0 3X -66.54 0;
37.7324 3Y 26.92 0;
0 3X -64.98 0;
27.5737 3Y 26.92 0;
0 3X -61.87 0;
24.6712 3Y 26.92 0;
0 3X -59.53 0;
27.5737 3Y 26.92 0;
0 3X -57.98 0;
17.415 3Y 26.92 0;
0 3X -55.64 0;
15.9637 3Y 26.92 0;
0 3X -54.09 0;
30.4762 3Y 26.92 0;
0 3X -52.53 0;
37.7324 3Y 26.92 0;
0 3X -51.75 0;
31.9274 3Y 26.92 0;
0 3X -49.42 0;
34.8299 3Y 28.2 0;
0 3X -47.08 0;
23.22 3Y 28.2 0;
0 3X -44.75 0;
31.9274 3Y 28.2 0;
0 3X -42.41 0;
5.80499 3Y 28.2 0;
0 3X -40.08 0;
52.2449 3Y 28.2 0;
0 3X -36.96 0;
15.9637 3Y 28.2 0;
0 3X -36.19 0;
31.9274 3Y 28.2 0;
0 3X -34.63 0;
40.6349 3Y 28.2 0;
0 3X -32.3 0;
11.61 3Y 28.2 0;
0 3X -28.4 0;
33.3787 3Y 28.2 0;
0 3X -26.07 0;
37.7324 3Y 26.92 0;
0 3X -25.29 0;
30.4762 3Y 26.92 0;
0 3X -23.74 0;
27.5737 3Y 26.92 0;
0 3X -20.62 0;
5.80499 3Y 26.92 0;
0 3X -19.07 0;
27.5737 3Y 26.92 0;
0 3X -17.51 0;
5.80499 3Y 26.92 0;
0 3X -15.95 0;
14.5125 3Y 26.92 0;
0 3X -12.84 0;
49.3424 3Y 26.92 0;
0 3X -5.84 0;
27.5737 3Y 26.92 0;
0 3X -5.06 0;
5.80499 3Y 26.92 0;
0 3X -1.95 0;
20.3175 3Y 25.64 0;
0 3X -0.39 0;
37.7324 3Y 25.64 0;
0 3X 3.5 0;
21.7687 3Y 25.64 0;
0 3X 5.84 0;
5.80499 3Y 25.64 0;
0 3X 7.39 0;
30.4762 3Y 25.64 0;
0 3X 8.95 0;
15.9637 3Y 25.64 0;
0 3X 9.73 0;
43.5374 3Y 25.64 0;
0 3X 11.28 0;
5.80499 3Y 25.64 0;
0 3X 15.18 0;
17.415 3Y 25.64 0;
0 3X 17.51 0;
18.8662 3Y 25.64 0;
0 3X 19.84 0;
17.415 3Y 25.64 0;
0 3X 22.18 0;
15.9637 3Y 25.64 0;
0 3X 23.74 0;
29.0249 3Y 25.64 0;
0 3X 28.4 0;
20.3175 3Y 25.64 0;
0 3X 33.07 0;
36.2812 3Y 25.64 0;
0 3X 35.41 0;
33.3787 3Y 25.64 0;
0 3X 42.41 0;
15.9637 3Y 25.64 0;
0 3X 45.53 0;
29.0249 3Y 25.64 0;
0 3X 50.97 0;
43.5374 3Y 25.64 0;
0 3X 53.31 0;
11.61 3Y 25.64 0;
0 3X 55.64 0;
33.3787 3Y 25.64 0;
0 3X 57.98 0;
14.5125 3Y 25.64 0;
0 3X 60.31 0;
47.8912 3Y 25.64 0;
0 3X 65.76 0;
50.7937 3Y 25.64 0;
0 3X 67.32 0;
256.871 3Y 25.64 0;
0 3X 64.2 0;
21.7687 3Y 26.92 0;
0 3X 63.42 0;
36.2812 3Y 26.92 0;
0 3X 59.53 0;
5.80499 3Y 26.92 0;
0 3X 57.2 0;
11.61 3Y 26.92 0;
0 3X 56.42 0;
37.7324 3Y 26.92 0;
0 3X 54.86 0;
30.4762 3Y 26.92 0;
0 3X 53.31 0;
33.3787 3Y 26.92 0;
0 3X 50.97 0;
43.5374 3Y 26.92 0;
0 3X 49.42 0;
29.0249 3Y 26.92 0;
0 3X 46.3 0;
17.415 3Y 26.92 0;
0 3X 43.97 0;
11.61 3Y 26.92 0;
0 3X 42.41 0;
71.1111 3Y 26.92 0;
0 3X 38.52 0;
15.9637 3Y 26.92 0;
0 3X 34.63 0;
13.0612 3Y 26.92 0;
0 3X 33.07 0;
37.7324 3Y 26.92 0;
0 3X 30.74 0;
24.6712 3Y 26.92 0;
0 3X 26.07 0;
2.90249 3Y 26.92 0;
0 3X 22.96 0;
20.3175 3Y 26.92 0;
0 3X 22.18 0;
11.61 3Y 26.92 0;
0 3X 19.84 0;
33.3787 3Y 26.92 0;
0 3X 16.73 0;
252.517 3Y 26.92 0;
0 3X 3.5 0;
17.415 3Y 26.92 0;
0 3X 0.39 0;
23.22 3Y 26.92 0;
0 3X -1.95 0;
10.1587 3Y 26.92 0;
0 3X -4.28 0;
17.415 3Y 26.92 0;
0 3X -6.61 0;
14.5125 3Y 26.92 0;
0 3X -9.73 0;
47.8912 3Y 26.92 0;
0 3X -10.51 0;
