0 Pixel5 0 0 0;
0 Pixel4 0 0 0;
0 Pixel3 0 0 0;
0 Pixel2 0 0 0;
0 Automatic1 shutter 0;
0 Automatic1 color 0;
0 Automatic1 gobo 0;
0 Automatic1 speed 0;
0 Automatic1 dimmer 0;
0 Pixel1 0 0 0;
5793.38 Automatic1 shutter 0;
0 Automatic1 color 50.5;
0 Automatic1 gobo 0;
0 Automatic1 speed 0;
0 Automatic1 dimmer 255;
1 Automatic1 pantilt 34.35 116.22;
5622.58 Pixel5 1.45 1.43 1.35;
0 Pixel4 1.45 1.43 1.35;
0 Pixel3 1.45 1.43 1.35;
0 Pixel2 1.45 1.43 1.35;
0 Pixel1 1.45 1.43 1.35;
24.6712 Pixel5 15.99 15.63 14.3;
0 Pixel4 15.99 15.63 14.3;
0 Pixel3 15.99 15.63 14.3;
0 Pixel2 15.99 15.63 14.3;
0 Pixel1 15.99 15.63 14.3;
10.1587 Pixel5 39.25 37.9 32.92;
0 Pixel4 39.25 37.9 32.92;
0 Pixel3 39.25 37.9 32.92;
0 Pixel2 39.25 37.9 32.92;
0 Pixel1 39.25 37.9 32.92;
20.3175 Pixel5 63.97 61.13 50.75;
0 Pixel4 63.97 61.13 50.75;
0 Pixel3 63.97 61.13 50.75;
0 Pixel2 63.97 61.13 50.75;
0 Pixel1 63.97 61.13 50.75;
14.5125 Pixel5 87.23 82.42 64.81;
0 Pixel4 87.23 82.42 64.81;
0 Pixel3 87.23 82.42 64.81;
0 Pixel2 87.23 82.42 64.81;
0 Pixel1 87.23 82.42 64.81;
18.8662 Pixel5 103.22 96.64 72.53;
0 Pixel4 103.22 96.64 72.53;
0 Pixel3 103.22 96.64 72.53;
0 Pixel2 103.22 96.64 72.53;
0 Pixel1 103.22 96.64 72.53;
13.0612 Pixel5 113.4 105.68 77.39;
0 Pixel4 113.4 105.68 77.39;
0 Pixel3 113.4 105.68 77.39;
0 Pixel2 113.4 105.68 77.39;
0 Pixel1 113.4 105.68 77.39;
23.22 Pixel5 120.67 112.06 80.53;
0 Pixel4 120.67 112.06 80.53;
0 Pixel3 120.67 112.06 80.53;
0 Pixel2 120.67 112.06 80.53;
0 Pixel1 120.67 112.06 80.53;
8.70748 Pixel5 125.03 115.84 82.18;
0 Pixel4 125.03 115.84 82.18;
0 Pixel3 125.03 115.84 82.18;
0 Pixel2 125.03 115.84 82.18;
0 Pixel1 125.03 115.84 82.18;
26.1224 Pixel5 129.39 119.32 82.43;
0 Pixel4 129.39 119.32 82.43;
0 Pixel3 129.39 119.32 82.43;
0 Pixel2 129.39 119.32 82.43;
0 Pixel1 129.39 119.32 82.43;
10.1587 Pixel5 130.84 120.52 82.7;
0 Pixel4 130.84 120.52 82.7;
0 Pixel3 130.84 120.52 82.7;
0 Pixel2 130.84 120.52 82.7;
0 Pixel1 130.84 120.52 82.7;
23.22 Pixel5 136.66 125.14 82.93;
0 Pixel4 136.66 125.14 82.93;
0 Pixel3 136.66 125.14 82.93;
0 Pixel2 136.66 125.14 82.93;
0 Pixel1 136.66 125.14 82.93;
14.5125 Pixel5 142.47 130.01 84.31;
0 Pixel4 142.47 130.01 84.31;
0 Pixel3 142.47 130.01 84.31;
0 Pixel2 142.47 130.01 84.31;
0 Pixel1 142.47 130.01 84.31;
15.9637 Pixel5 149.74 135.99 85.59;
0 Pixel4 149.74 135.99 85.59;
0 Pixel3 149.74 135.99 85.59;
0 Pixel2 149.74 135.99 85.59;
0 Pixel1 149.74 135.99 85.59;
13.0612 Pixel5 157.01 141.91 86.58;
0 Pixel4 157.01 141.91 86.58;
0 Pixel3 157.01 141.91 86.58;
0 Pixel2 157.01 141.91 86.58;
0 Pixel1 157.01 141.91 86.58;
18.8662 Pixel5 170.1 152.64 88.65;
0 Pixel4 170.1 152.64 88.65;
0 Pixel3 170.1 152.64 88.65;
0 Pixel2 170.1 152.64 88.65;
0 Pixel1 170.1 152.64 88.65;
13.0612 Pixel5 174.46 156.18 89.16;
0 Pixel4 174.46 156.18 89.16;
0 Pixel3 174.46 156.18 89.16;
0 Pixel2 174.46 156.18 89.16;
0 Pixel1 174.46 156.18 89.16;
18.8662 Pixel5 187.54 167.08 92.07;
0 Pixel4 187.54 167.08 92.07;
0 Pixel3 187.54 167.08 92.07;
0 Pixel2 187.54 167.08 92.07;
0 Pixel1 187.54 167.08 92.07;
13.0612 Pixel5 194.81 172.92 92.69;
0 Pixel4 194.81 172.92 92.69;
0 Pixel3 194.81 172.92 92.69;
0 Pixel2 194.81 172.92 92.69;
0 Pixel1 194.81 172.92 92.69;
23.22 Pixel5 202.08 178.72 93.1;
0 Pixel4 202.08 178.72 93.1;
0 Pixel3 202.08 178.72 93.1;
0 Pixel2 202.08 178.72 93.1;
0 Pixel1 202.08 178.72 93.1;
10.1587 Pixel5 207.9 183.19 92.63;
0 Pixel4 207.9 183.19 92.63;
0 Pixel3 207.9 183.19 92.63;
0 Pixel2 207.9 183.19 92.63;
0 Pixel1 207.9 183.19 92.63;
20.3175 Pixel5 213.71 187.62 91.99;
0 Pixel4 213.71 187.62 91.99;
0 Pixel3 213.71 187.62 91.99;
0 Pixel2 213.71 187.62 91.99;
0 Pixel1 213.71 187.62 91.99;
11.61 Pixel5 215.17 188.66 91.53;
0 Pixel4 215.17 188.66 91.53;
0 Pixel3 215.17 188.66 91.53;
0 Pixel2 215.17 188.66 91.53;
0 Pixel1 215.17 188.66 91.53;
20.3175 Pixel5 218.07 190.51 89.47;
0 Pixel4 218.07 190.51 89.47;
0 Pixel3 218.07 190.51 89.47;
0 Pixel2 218.07 190.51 89.47;
0 Pixel1 218.07 190.51 89.47;
13.0612 Pixel5 218.07 189.8 86.17;
0 Pixel4 218.07 189.8 86.17;
0 Pixel3 218.07 189.8 86.17;
0 Pixel2 218.07 189.8 86.17;
0 Pixel1 218.07 189.8 86.17;
20.3175 Pixel5 218.07 189.09 82.88;
0 Pixel4 218.07 189.09 82.88;
0 Pixel3 218.07 189.09 82.88;
0 Pixel2 218.07 189.09 82.88;
0 Pixel1 218.07 189.09 82.88;
15.9637 Pixel5 218.07 188.62 80.68;
0 Pixel4 218.07 188.62 80.68;
0 Pixel3 218.07 188.62 80.68;
0 Pixel2 218.07 188.62 80.68;
0 Pixel1 218.07 188.62 80.68;
18.8662 Pixel5 215.17 185.18 75.26;
0 Pixel4 215.17 185.18 75.26;
0 Pixel3 215.17 185.18 75.26;
0 Pixel2 215.17 185.18 75.26;
0 Pixel1 215.17 185.18 75.26;
14.5125 Pixel5 213.71 183.46 72.6;
0 Pixel4 213.71 183.46 72.6;
0 Pixel3 213.71 183.46 72.6;
0 Pixel2 213.71 183.46 72.6;
0 Pixel1 213.71 183.46 72.6;
17.415 Pixel5 204.99 173.98 60.34;
0 Pixel4 204.99 173.98 60.34;
0 Pixel3 204.99 173.98 60.34;
0 Pixel2 204.99 173.98 60.34;
0 Pixel1 204.99 173.98 60.34;
14.5125 Pixel5 194.81 163.66 49.49;
0 Pixel4 194.81 163.66 49.49;
0 Pixel3 194.81 163.66 49.49;
0 Pixel2 194.81 163.66 49.49;
0 Pixel1 194.81 163.66 49.49;
20.3175 Pixel5 180.27 149.69 37.62;
0 Pixel4 180.27 149.69 37.62;
0 Pixel3 180.27 149.69 37.62;
0 Pixel2 180.27 149.69 37.62;
0 Pixel1 180.27 149.69 37.62;
14.5125 Pixel5 165.74 136.01 27.07;
0 Pixel4 165.74 136.01 27.07;
0 Pixel3 165.74 136.01 27.07;
0 Pixel2 165.74 136.01 27.07;
0 Pixel1 165.74 136.01 27.07;
13.0612 Pixel5 157.01 127.5 19.31;
0 Pixel4 157.01 127.5 19.31;
0 Pixel3 157.01 127.5 19.31;
0 Pixel2 157.01 127.5 19.31;
0 Pixel1 157.01 127.5 19.31;
18.8662 Pixel5 149.74 120.78 14.64;
0 Pixel4 149.74 120.78 14.64;
0 Pixel3 149.74 120.78 14.64;
0 Pixel2 149.74 120.78 14.64;
0 Pixel1 149.74 120.78 14.64;
13.0612 Pixel5 146.84 117.8 11.4;
0 Pixel4 146.84 117.8 11.4;
0 Pixel3 146.84 117.8 11.4;
0 Pixel2 146.84 117.8 11.4;
0 Pixel1 146.84 117.8 11.4;
20.3175 Pixel5 146.84 117.65 10.66;
0 Pixel4 146.84 117.65 10.66;
0 Pixel3 146.84 117.65 10.66;
0 Pixel2 146.84 117.65 10.66;
0 Pixel1 146.84 117.65 10.66;
17.415 Pixel5 146.84 117.49 9.92;
0 Pixel4 146.84 117.49 9.92;
0 Pixel3 146.84 117.49 9.92;
0 Pixel2 146.84 117.49 9.92;
0 Pixel1 146.84 117.49 9.92;
31.9274 Pixel5 155.56 124.47 10.51;
0 Pixel4 155.56 124.47 10.51;
0 Pixel3 155.56 124.47 10.51;
0 Pixel2 155.56 124.47 10.51;
0 Pixel1 155.56 124.47 10.51;
18.8662 Pixel5 162.83 130.28 11;
0 Pixel4 162.83 130.28 11;
0 Pixel3 162.83 130.28 11;
0 Pixel2 162.83 130.28 11;
0 Pixel1 162.83 130.28 11;
13.0612 Pixel5 174.46 139.4 10.9;
0 Pixel4 174.46 139.4 10.9;
0 Pixel3 174.46 139.4 10.9;
0 Pixel2 174.46 139.4 10.9;
0 Pixel1 174.46 139.4 10.9;
18.8662 Pixel5 180.27 144.05 11.27;
0 Pixel4 180.27 144.05 11.27;
0 Pixel3 180.27 144.05 11.27;
0 Pixel2 180.27 144.05 11.27;
0 Pixel1 180.27 144.05 11.27;
15.9637 Pixel5 183.18 146.17 10.53;
0 Pixel4 183.18 146.17 10.53;
0 Pixel3 183.18 146.17 10.53;
0 Pixel2 183.18 146.17 10.53;
0 Pixel1 183.18 146.17 10.53;
17.415 Pixel5 187.54 149.45 9.83;
0 Pixel4 187.54 149.45 9.83;
0 Pixel3 187.54 149.45 9.83;
0 Pixel2 187.54 149.45 9.83;
0 Pixel1 187.54 149.45 9.83;
17.415 Pixel5 190.45 151.56 9.02;
0 Pixel4 190.45 151.56 9.02;
0 Pixel3 190.45 151.56 9.02;
0 Pixel2 190.45 151.56 9.02;
0 Pixel1 190.45 151.56 9.02;
18.8662 Pixel5 194.81 154.61 7.27;
0 Pixel4 194.81 154.61 7.27;
0 Pixel3 194.81 154.61 7.27;
0 Pixel2 194.81 154.61 7.27;
0 Pixel1 194.81 154.61 7.27;
13.0612 Pixel5 197.72 156.49 5.38;
0 Pixel4 197.72 156.49 5.38;
0 Pixel3 197.72 156.49 5.38;
0 Pixel2 197.72 156.49 5.38;
0 Pixel1 197.72 156.49 5.38;
18.8662 Pixel5 199.17 157.21 3.41;
0 Pixel4 199.17 157.21 3.41;
0 Pixel3 199.17 157.21 3.41;
0 Pixel2 199.17 157.21 3.41;
0 Pixel1 199.17 157.21 3.41;
15.9637 Pixel5 199.17 156.78 1.41;
0 Pixel4 199.17 156.78 1.41;
0 Pixel3 199.17 156.78 1.41;
0 Pixel2 199.17 156.78 1.41;
0 Pixel1 199.17 156.78 1.41;
13.0612 Pixel5 199.17 156.48 0;
0 Pixel4 199.17 156.48 0;
0 Pixel3 199.17 156.48 0;
0 Pixel2 199.17 156.48 0;
0 Pixel1 199.17 156.48 0;
120.454 Pixel5 202.08 158.76 0;
0 Pixel4 202.08 158.76 0;
0 Pixel3 202.08 158.76 0;
0 Pixel2 202.08 158.76 0;
0 Pixel1 202.08 158.76 0;
21.7687 Pixel5 209.35 164.79 1.48;
0 Pixel4 209.35 164.79 1.48;
0 Pixel3 209.35 164.79 1.48;
0 Pixel2 209.35 164.79 1.48;
0 Pixel1 209.35 164.79 1.48;
14.5125 Pixel5 212.26 167.77 4.71;
0 Pixel4 212.26 167.77 4.71;
0 Pixel3 212.26 167.77 4.71;
0 Pixel2 212.26 167.77 4.71;
0 Pixel1 212.26 167.77 4.71;
13.0612 Pixel5 215.17 170.53 6.94;
0 Pixel4 215.17 170.53 6.94;
0 Pixel3 215.17 170.53 6.94;
0 Pixel2 215.17 170.53 6.94;
0 Pixel1 215.17 170.53 6.94;
20.3175 Pixel5 218.07 173.31 9.23;
0 Pixel4 218.07 173.31 9.23;
0 Pixel3 218.07 173.31 9.23;
0 Pixel2 218.07 173.31 9.23;
0 Pixel1 218.07 173.31 9.23;
15.9637 Pixel5 220.98 176.1 11.58;
0 Pixel4 220.98 176.1 11.58;
0 Pixel3 220.98 176.1 11.58;
0 Pixel2 220.98 176.1 11.58;
0 Pixel1 220.98 176.1 11.58;
13.0612 Pixel5 225.34 180.3 15.22;
0 Pixel4 225.34 180.3 15.22;
0 Pixel3 225.34 180.3 15.22;
0 Pixel2 225.34 180.3 15.22;
0 Pixel1 225.34 180.3 15.22;
18.8662 Pixel5 226.8 181.71 16.46;
0 Pixel4 226.8 181.71 16.46;
0 Pixel3 226.8 181.71 16.46;
0 Pixel2 226.8 181.71 16.46;
0 Pixel1 226.8 181.71 16.46;
14.5125 Pixel5 226.8 181.95 17.6;
0 Pixel4 226.8 181.95 17.6;
0 Pixel3 226.8 181.95 17.6;
0 Pixel2 226.8 181.95 17.6;
0 Pixel1 226.8 181.95 17.6;
52.2449 Pixel5 228.25 183.12 17.72;
0 Pixel4 228.25 183.12 17.72;
0 Pixel3 228.25 183.12 17.72;
0 Pixel2 228.25 183.12 17.72;
0 Pixel1 228.25 183.12 17.72;
18.8662 Pixel5 229.7 184.29 17.83;
0 Pixel4 229.7 184.29 17.83;
0 Pixel3 229.7 184.29 17.83;
0 Pixel2 229.7 184.29 17.83;
0 Pixel1 229.7 184.29 17.83;
13.0612 Pixel5 234.06 187.79 18.17;
0 Pixel4 234.06 187.79 18.17;
0 Pixel3 234.06 187.79 18.17;
0 Pixel2 234.06 187.79 18.17;
0 Pixel1 234.06 187.79 18.17;
18.8662 Pixel5 239.88 191.93 16.2;
0 Pixel4 239.88 191.93 16.2;
0 Pixel3 239.88 191.93 16.2;
0 Pixel2 239.88 191.93 16.2;
0 Pixel1 239.88 191.93 16.2;
14.5125 Pixel5 242.79 193.74 13.95;
0 Pixel4 242.79 193.74 13.95;
0 Pixel3 242.79 193.74 13.95;
0 Pixel2 242.79 193.74 13.95;
0 Pixel1 242.79 193.74 13.95;
20.3175 Pixel5 245.7 195.52 11.64;
0 Pixel4 245.7 195.52 11.64;
0 Pixel3 245.7 195.52 11.64;
0 Pixel2 245.7 195.52 11.64;
0 Pixel1 245.7 195.52 11.64;
10.1587 Pixel5 248.6 197.3 9.27;
0 Pixel4 248.6 197.3 9.27;
0 Pixel3 248.6 197.3 9.27;
0 Pixel2 248.6 197.3 9.27;
0 Pixel1 248.6 197.3 9.27;
18.8662 Pixel5 251.51 199.07 6.85;
0 Pixel4 251.51 199.07 6.85;
0 Pixel3 251.51 199.07 6.85;
0 Pixel2 251.51 199.07 6.85;
0 Pixel1 251.51 199.07 6.85;
24.6712 Pixel5 255 201 3.08;
0 Pixel4 255 201 3.08;
0 Pixel3 255 201 3.08;
0 Pixel2 255 201 3.08;
0 Pixel1 255 201 3.08;
26.1224 Pixel5 255 200.73 1.8;
0 Pixel4 255 200.73 1.8;
0 Pixel3 255 200.73 1.8;
0 Pixel2 255 200.73 1.8;
0 Pixel1 255 200.73 1.8;
15.9637 Pixel5 255 200.45 0.51;
0 Pixel4 255 200.45 0.51;
0 Pixel3 255 200.45 0.51;
0 Pixel2 255 200.45 0.51;
0 Pixel1 255 200.45 0.51;
117.551 Pixel5 255 200.34 0;
0 Pixel4 255 200.34 0;
0 Pixel3 255 200.34 0;
0 Pixel2 255 200.34 0;
0 Pixel1 255 200.34 0;
2287.17 Automatic1 shutter 0;
0 Automatic1 color 0;
0 Automatic1 gobo 0;
0 Automatic1 speed 142.4;
0 Automatic1 dimmer 255;
1 Automatic1 pantilt 196.26 118.5;
3113.38 Pixel5 253.55 199.47 1.28;
0 Pixel4 253.55 199.47 1.28;
0 Pixel3 253.55 199.47 1.28;
0 Pixel2 253.55 199.47 1.28;
0 Pixel1 253.55 199.47 1.28;
13.0612 Pixel5 252.09 199.14 5.08;
0 Pixel4 252.09 199.14 5.08;
0 Pixel3 252.09 199.14 5.08;
0 Pixel2 252.09 199.14 5.08;
0 Pixel1 252.09 199.14 5.08;
18.8662 Pixel5 249.18 197.39 7.54;
0 Pixel4 249.18 197.39 7.54;
0 Pixel3 249.18 197.39 7.54;
0 Pixel2 249.18 197.39 7.54;
0 Pixel1 249.18 197.39 7.54;
18.8662 Pixel5 244.82 194.72 11.11;
0 Pixel4 244.82 194.72 11.11;
0 Pixel3 244.82 194.72 11.11;
0 Pixel2 244.82 194.72 11.11;
0 Pixel1 244.82 194.72 11.11;
17.415 Pixel5 243.37 193.83 12.27;
0 Pixel4 243.37 193.83 12.27;
0 Pixel3 243.37 193.83 12.27;
0 Pixel2 243.37 193.83 12.27;
0 Pixel1 243.37 193.83 12.27;
10.1587 Pixel5 240.46 192.04 14.54;
0 Pixel4 240.46 192.04 14.54;
0 Pixel3 240.46 192.04 14.54;
0 Pixel2 240.46 192.04 14.54;
0 Pixel1 240.46 192.04 14.54;
23.22 Pixel5 236.1 189.06 16.66;
0 Pixel4 236.1 189.06 16.66;
0 Pixel3 236.1 189.06 16.66;
0 Pixel2 236.1 189.06 16.66;
0 Pixel1 236.1 189.06 16.66;
14.5125 Pixel5 233.19 187.24 18.81;
0 Pixel4 233.19 187.24 18.81;
0 Pixel3 233.19 187.24 18.81;
0 Pixel2 233.19 187.24 18.81;
0 Pixel1 233.19 187.24 18.81;
17.415 Pixel5 228.83 184.23 20.76;
0 Pixel4 228.83 184.23 20.76;
0 Pixel3 228.83 184.23 20.76;
0 Pixel2 228.83 184.23 20.76;
0 Pixel1 228.83 184.23 20.76;
26.1224 Pixel5 225.92 182.38 22.77;
0 Pixel4 225.92 182.38 22.77;
0 Pixel3 225.92 182.38 22.77;
0 Pixel2 225.92 182.38 22.77;
0 Pixel1 225.92 182.38 22.77;
7.25624 Pixel5 224.47 181.45 23.76;
0 Pixel4 224.47 181.45 23.76;
0 Pixel3 224.47 181.45 23.76;
0 Pixel2 224.47 181.45 23.76;
0 Pixel1 224.47 181.45 23.76;
15.9637 Pixel5 218.65 177.45 26.45;
0 Pixel4 218.65 177.45 26.45;
0 Pixel3 218.65 177.45 26.45;
0 Pixel2 218.65 177.45 26.45;
0 Pixel1 218.65 177.45 26.45;
20.3175 Pixel5 214.29 174.38 28.08;
0 Pixel4 214.29 174.38 28.08;
0 Pixel3 214.29 174.38 28.08;
0 Pixel2 214.29 174.38 28.08;
0 Pixel1 214.29 174.38 28.08;
14.5125 Pixel5 207.02 168.91 29.22;
0 Pixel4 207.02 168.91 29.22;
0 Pixel3 207.02 168.91 29.22;
0 Pixel2 207.02 168.91 29.22;
0 Pixel1 207.02 168.91 29.22;
14.5125 Pixel5 198.3 162.44 30.98;
0 Pixel4 198.3 162.44 30.98;
0 Pixel3 198.3 162.44 30.98;
0 Pixel2 198.3 162.44 30.98;
0 Pixel1 198.3 162.44 30.98;
18.8662 Pixel5 185.22 152.32 31.74;
0 Pixel4 185.22 152.32 31.74;
0 Pixel3 185.22 152.32 31.74;
0 Pixel2 185.22 152.32 31.74;
0 Pixel1 185.22 152.32 31.74;
26.1224 Pixel5 173.59 143.32 32.37;
0 Pixel4 173.59 143.32 32.37;
0 Pixel3 173.59 143.32 32.37;
0 Pixel2 173.59 143.32 32.37;
0 Pixel1 173.59 143.32 32.37;
11.61 Pixel5 169.22 139.9 32.41;
0 Pixel4 169.22 139.9 32.41;
0 Pixel3 169.22 139.9 32.41;
0 Pixel2 169.22 139.9 32.41;
0 Pixel1 169.22 139.9 32.41;
13.0612 Pixel5 164.86 136.65 33.24;
0 Pixel4 164.86 136.65 33.24;
0 Pixel3 164.86 136.65 33.24;
0 Pixel2 164.86 136.65 33.24;
0 Pixel1 164.86 136.65 33.24;
13.0612 Pixel5 159.05 132.17 33.67;
0 Pixel4 159.05 132.17 33.67;
0 Pixel3 159.05 132.17 33.67;
0 Pixel2 159.05 132.17 33.67;
0 Pixel1 159.05 132.17 33.67;
20.3175 Pixel5 151.78 126.62 34.43;
0 Pixel4 151.78 126.62 34.43;
0 Pixel3 151.78 126.62 34.43;
0 Pixel2 151.78 126.62 34.43;
0 Pixel1 151.78 126.62 34.43;
14.5125 Pixel5 148.87 124.2 33.77;
0 Pixel4 148.87 124.2 33.77;
0 Pixel3 148.87 124.2 33.77;
0 Pixel2 148.87 124.2 33.77;
0 Pixel1 148.87 124.2 33.77;
18.8662 Pixel5 143.06 119.81 34.61;
0 Pixel4 143.06 119.81 34.61;
0 Pixel3 143.06 119.81 34.61;
0 Pixel2 143.06 119.81 34.61;
0 Pixel1 143.06 119.81 34.61;
10.1587 Pixel5 140.15 117.37 33.91;
0 Pixel4 140.15 117.37 33.91;
0 Pixel3 140.15 117.37 33.91;
0 Pixel2 140.15 117.37 33.91;
0 Pixel1 140.15 117.37 33.91;
20.3175 Pixel5 137.24 115.09 33.9;
0 Pixel4 137.24 115.09 33.9;
0 Pixel3 137.24 115.09 33.9;
0 Pixel2 137.24 115.09 33.9;
0 Pixel1 137.24 115.09 33.9;
15.9637 Pixel5 134.33 112.79 33.85;
0 Pixel4 134.33 112.79 33.85;
0 Pixel3 134.33 112.79 33.85;
0 Pixel2 134.33 112.79 33.85;
0 Pixel1 134.33 112.79 33.85;
18.8662 Pixel5 129.97 109.27 33.41;
0 Pixel4 129.97 109.27 33.41;
0 Pixel3 129.97 109.27 33.41;
0 Pixel2 129.97 109.27 33.41;
0 Pixel1 129.97 109.27 33.41;
13.0612 Pixel5 128.52 108.05 33.04;
0 Pixel4 128.52 108.05 33.04;
0 Pixel3 128.52 108.05 33.04;
0 Pixel2 128.52 108.05 33.04;
0 Pixel1 128.52 108.05 33.04;
18.8662 Pixel5 125.61 105.61 32.29;
0 Pixel4 125.61 105.61 32.29;
0 Pixel3 125.61 105.61 32.29;
0 Pixel2 125.61 105.61 32.29;
0 Pixel1 125.61 105.61 32.29;
17.415 Pixel5 122.7 103.16 31.54;
0 Pixel4 122.7 103.16 31.54;
0 Pixel3 122.7 103.16 31.54;
0 Pixel2 122.7 103.16 31.54;
0 Pixel1 122.7 103.16 31.54;
18.8662 Pixel5 121.25 101.94 31.17;
0 Pixel4 121.25 101.94 31.17;
0 Pixel3 121.25 101.94 31.17;
0 Pixel2 121.25 101.94 31.17;
0 Pixel1 121.25 101.94 31.17;
13.0612 Pixel5 119.79 100.72 30.79;
0 Pixel4 119.79 100.72 30.79;
0 Pixel3 119.79 100.72 30.79;
0 Pixel2 119.79 100.72 30.79;
0 Pixel1 119.79 100.72 30.79;
18.8662 Pixel5 118.34 99.37 29.82;
0 Pixel4 118.34 99.37 29.82;
0 Pixel3 118.34 99.37 29.82;
0 Pixel2 118.34 99.37 29.82;
0 Pixel1 118.34 99.37 29.82;
17.415 Pixel5 113.98 95.7 28.72;
0 Pixel4 113.98 95.7 28.72;
0 Pixel3 113.98 95.7 28.72;
0 Pixel2 113.98 95.7 28.72;
0 Pixel1 113.98 95.7 28.72;
14.5125 Pixel5 111.07 93.26 27.99;
0 Pixel4 111.07 93.26 27.99;
0 Pixel3 111.07 93.26 27.99;
0 Pixel2 111.07 93.26 27.99;
0 Pixel1 111.07 93.26 27.99;
15.9637 Pixel5 106.71 89.6 26.89;
0 Pixel4 106.71 89.6 26.89;
0 Pixel3 106.71 89.6 26.89;
0 Pixel2 106.71 89.6 26.89;
0 Pixel1 106.71 89.6 26.89;
20.3175 Pixel5 99.44 83.5 25.06;
0 Pixel4 99.44 83.5 25.06;
0 Pixel3 99.44 83.5 25.06;
0 Pixel2 99.44 83.5 25.06;
0 Pixel1 99.44 83.5 25.06;
14.5125 Pixel5 92.17 77.59 24.16;
0 Pixel4 92.17 77.59 24.16;
0 Pixel3 92.17 77.59 24.16;
0 Pixel2 92.17 77.59 24.16;
0 Pixel1 92.17 77.59 24.16;
18.8662 Pixel5 84.9 71.57 22.68;
0 Pixel4 84.9 71.57 22.68;
0 Pixel3 84.9 71.57 22.68;
0 Pixel2 84.9 71.57 22.68;
0 Pixel1 84.9 71.57 22.68;
13.0612 Pixel5 80.54 67.89 21.52;
0 Pixel4 80.54 67.89 21.52;
0 Pixel3 80.54 67.89 21.52;
0 Pixel2 80.54 67.89 21.52;
0 Pixel1 80.54 67.89 21.52;
30.4762 Pixel5 79.09 66.66 21.13;
0 Pixel4 79.09 66.66 21.13;
0 Pixel3 79.09 66.66 21.13;
0 Pixel2 79.09 66.66 21.13;
0 Pixel1 79.09 66.66 21.13;
33.3787 Pixel5 79.09 66.75 21.53;
0 Pixel4 79.09 66.75 21.53;
0 Pixel3 79.09 66.75 21.53;
0 Pixel2 79.09 66.75 21.53;
0 Pixel1 79.09 66.75 21.53;
1060.86 Pixel5 79.09 68.66 21.53;
0 Pixel4 79.09 68.66 21.53;
0 Pixel3 79.09 68.66 21.53;
0 Pixel2 79.09 68.66 21.53;
0 Pixel1 79.09 68.66 21.53;
21.7687 Pixel5 79.09 74.41 21.53;
0 Pixel4 79.09 74.41 21.53;
0 Pixel3 79.09 74.41 21.53;
0 Pixel2 79.09 74.41 21.53;
0 Pixel1 79.09 74.41 21.53;
23.22 Pixel5 76.1 79.09 21.53;
0 Pixel4 76.1 79.09 21.53;
0 Pixel3 76.1 79.09 21.53;
0 Pixel2 76.1 79.09 21.53;
0 Pixel1 76.1 79.09 21.53;
15.9637 Pixel5 58.86 79.09 21.53;
0 Pixel4 58.86 79.09 21.53;
0 Pixel3 58.86 79.09 21.53;
0 Pixel2 58.86 79.09 21.53;
0 Pixel1 58.86 79.09 21.53;
14.5125 Pixel5 53.12 79.09 21.53;
0 Pixel4 53.12 79.09 21.53;
0 Pixel3 53.12 79.09 21.53;
0 Pixel2 53.12 79.09 21.53;
0 Pixel1 53.12 79.09 21.53;
18.8662 Pixel5 30.13 79.09 21.53;
0 Pixel4 30.13 79.09 21.53;
0 Pixel3 30.13 79.09 21.53;
0 Pixel2 30.13 79.09 21.53;
0 Pixel1 30.13 79.09 21.53;
20.3175 Pixel5 21.53 79.09 28.25;
0 Pixel4 21.53 79.09 28.25;
0 Pixel3 21.53 79.09 28.25;
0 Pixel2 21.53 79.09 28.25;
0 Pixel1 21.53 79.09 28.25;
11.61 Pixel5 21.53 79.09 45.49;
0 Pixel4 21.53 79.09 45.49;
0 Pixel3 21.53 79.09 45.49;
0 Pixel2 21.53 79.09 45.49;
0 Pixel1 21.53 79.09 45.49;
17.415 Pixel5 21.53 79.09 56.98;
0 Pixel4 21.53 79.09 56.98;
0 Pixel3 21.53 79.09 56.98;
0 Pixel2 21.53 79.09 56.98;
0 Pixel1 21.53 79.09 56.98;
18.8662 Pixel5 21.53 79.09 74.22;
0 Pixel4 21.53 79.09 74.22;
0 Pixel3 21.53 79.09 74.22;
0 Pixel2 21.53 79.09 74.22;
0 Pixel1 21.53 79.09 74.22;
20.3175 Pixel5 21.53 78.21 79.09;
0 Pixel4 21.53 78.21 79.09;
0 Pixel3 21.53 78.21 79.09;
0 Pixel2 21.53 78.21 79.09;
0 Pixel1 21.53 78.21 79.09;
13.0612 Pixel5 21.53 72.46 79.09;
0 Pixel4 21.53 72.46 79.09;
0 Pixel3 21.53 72.46 79.09;
0 Pixel2 21.53 72.46 79.09;
0 Pixel1 21.53 72.46 79.09;
24.6712 Pixel5 21.53 68.63 79.09;
0 Pixel4 21.53 68.63 79.09;
0 Pixel3 21.53 68.63 79.09;
0 Pixel2 21.53 68.63 79.09;
0 Pixel1 21.53 68.63 79.09;
26.1224 Pixel5 21.53 64.8 79.09;
0 Pixel4 21.53 64.8 79.09;
0 Pixel3 21.53 64.8 79.09;
0 Pixel2 21.53 64.8 79.09;
0 Pixel1 21.53 64.8 79.09;
17.415 Pixel5 21.53 62.88 79.09;
0 Pixel4 21.53 62.88 79.09;
0 Pixel3 21.53 62.88 79.09;
0 Pixel2 21.53 62.88 79.09;
0 Pixel1 21.53 62.88 79.09;
18.8662 Pixel5 21.53 59.05 79.09;
0 Pixel4 21.53 59.05 79.09;
0 Pixel3 21.53 59.05 79.09;
0 Pixel2 21.53 59.05 79.09;
0 Pixel1 21.53 59.05 79.09;
23.22 Pixel5 21.53 53.31 79.09;
0 Pixel4 21.53 53.31 79.09;
0 Pixel3 21.53 53.31 79.09;
0 Pixel2 21.53 53.31 79.09;
0 Pixel1 21.53 53.31 79.09;
20.3175 Pixel5 21.53 47.56 79.09;
0 Pixel4 21.53 47.56 79.09;
0 Pixel3 21.53 47.56 79.09;
0 Pixel2 21.53 47.56 79.09;
0 Pixel1 21.53 47.56 79.09;
20.3175 Pixel5 21.53 41.81 79.09;
0 Pixel4 21.53 41.81 79.09;
0 Pixel3 21.53 41.81 79.09;
0 Pixel2 21.53 41.81 79.09;
0 Pixel1 21.53 41.81 79.09;
18.8662 Pixel5 21.53 36.07 79.09;
0 Pixel4 21.53 36.07 79.09;
0 Pixel3 21.53 36.07 79.09;
0 Pixel2 21.53 36.07 79.09;
0 Pixel1 21.53 36.07 79.09;
18.8662 Pixel5 21.53 30.32 79.09;
0 Pixel4 21.53 30.32 79.09;
0 Pixel3 21.53 30.32 79.09;
0 Pixel2 21.53 30.32 79.09;
0 Pixel1 21.53 30.32 79.09;
14.5125 Pixel5 21.53 26.49 79.09;
0 Pixel4 21.53 26.49 79.09;
0 Pixel3 21.53 26.49 79.09;
0 Pixel2 21.53 26.49 79.09;
0 Pixel1 21.53 26.49 79.09;
23.22 Pixel5 21.53 24.57 79.09;
0 Pixel4 21.53 24.57 79.09;
0 Pixel3 21.53 24.57 79.09;
0 Pixel2 21.53 24.57 79.09;
0 Pixel1 21.53 24.57 79.09;
168.345 Pixel5 21.53 22.66 79.09;
0 Pixel4 21.53 22.66 79.09;
0 Pixel3 21.53 22.66 79.09;
0 Pixel2 21.53 22.66 79.09;
0 Pixel1 21.53 22.66 79.09;
23.22 Pixel5 54.87 21.53 79.09;
0 Pixel4 54.87 21.53 79.09;
0 Pixel3 54.87 21.53 79.09;
0 Pixel2 54.87 21.53 79.09;
0 Pixel1 54.87 21.53 79.09;
13.0612 Pixel5 79.09 21.53 70.74;
0 Pixel4 79.09 21.53 70.74;
0 Pixel3 79.09 21.53 70.74;
0 Pixel2 79.09 21.53 70.74;
0 Pixel1 79.09 21.53 70.74;
18.8662 Pixel5 79.09 21.53 40.09;
0 Pixel4 79.09 21.53 40.09;
0 Pixel3 79.09 21.53 40.09;
0 Pixel2 79.09 21.53 40.09;
0 Pixel1 79.09 21.53 40.09;
18.8662 Pixel5 79.09 21.53 21.53;
0 Pixel4 79.09 21.53 21.53;
0 Pixel3 79.09 21.53 21.53;
0 Pixel2 79.09 21.53 21.53;
0 Pixel1 79.09 21.53 21.53;
3375.6 Automatic1 shutter 0;
0 Automatic1 color 0;
0 Automatic1 gobo 0;
0 Automatic1 speed 0;
0 Automatic1 dimmer 0;
1 Automatic1 pantilt 28.74 39.88;
2547.39 Pixel2 76.18 20.74 20.74;
20.3175 Pixel2 73.27 20.69 20.69;
11.61 Pixel2 71.82 20.64 20.64;
20.3175 Pixel2 68.91 20.5 20.5;
18.8662 Pixel2 68.91 20.84 20.84;
15.9637 Pixel2 67.46 20.74 20.74;
17.415 Pixel2 67.46 21.76 21.76;
15.9637 Pixel2 66.01 22.29 22.29;
15.9637 Pixel2 66.01 23.62 23.62;
15.9637 Pixel2 64.55 23.75 23.75;
17.415 Pixel2 64.55 25.06 25.06;
17.415 Pixel2 63.1 25.45 25.45;
15.9637 Pixel2 61.64 25.48 25.48;
14.5125 Pixel2 61.64 26.1 26.1;
24.6712 Pixel2 61.64 26.72 26.72;
10.1587 Pixel2 61.64 27.66 27.66;
17.415 Pixel2 60.19 27.61 27.61;
17.415 Pixel2 60.19 28.22 28.22;
15.9637 Pixel2 60.19 28.82 28.82;
13.0612 Pixel2 58.74 28.72 28.72;
18.8662 Pixel2 58.74 29.31 29.31;
15.9637 Pixel2 57.28 29.45 29.45;
17.415 Pixel2 55.83 29.27 29.27;
17.415 Pixel2 55.83 30.39 30.39;
17.415 Pixel2 52.92 29.61 29.61;
13.0612 Pixel2 51.47 29.83 29.83;
18.8662 Pixel2 50.01 29.75 29.75;
15.9637 Pixel2 48.56 29.37 29.37;
15.9637 Pixel2 47.11 29.21 29.21;
17.415 Pixel2 45.65 28.76 28.76;
17.415 Pixel2 45.65 29.22 29.22;
13.0612 Pixel2 45.65 29.69 29.69;
18.8662 Pixel2 44.2 29.19 29.19;
15.9637 Pixel2 44.2 29.85 29.85;
23.22 Pixel2 44.2 30.3 30.3;
10.1587 Pixel2 44.2 30.74 30.74;
18.8662 Pixel2 44.2 31.19 31.19;
18.8662 Pixel2 44.2 31.64 31.64;
11.61 Pixel2 44.2 32.08 32.08;
20.3175 Pixel2 42.74 31.67 31.67;
13.0612 Pixel2 41.29 31.01 31.01;
17.415 Pixel2 39.84 30.32 30.32;
15.9637 Pixel2 38.38 29.6 29.6;
20.3175 Pixel2 36.93 28.85 28.85;
13.0612 Pixel2 35.48 28.07 28.07;
24.6712 Pixel2 34.02 27.44 27.44;
8.70748 Pixel2 31.11 25.41 25.41;
17.415 Pixel2 29.66 24.52 24.52;
17.415 Pixel2 29.66 24.82 24.82;
18.8662 Pixel2 26.75 22.52 22.52;
17.415 Pixel2 25.3 21.55 21.55;
17.415 Pixel2 22.39 19.41 19.41;
11.61 Pixel2 19.48 17.09 17.09;
17.415 Pixel2 16.58 14.71 14.71;
17.415 Pixel2 15.12 13.57 13.57;
20.3175 Pixel2 13.67 12.4 12.4;
11.61 Pixel2 10.76 9.87 9.87;
15.9637 Pixel2 9.31 8.68 8.68;
23.22 Pixel2 6.4 6.03 6.03;
11.61 Pixel2 6.4 6.1 6.1;
17.415 Pixel2 3.49 3.36 3.36;
13.0612 Pixel2 3.49 3.4 3.4;
17.415 Pixel2 2.04 2 2;
17.415 Pixel2 0 0 0;
1502.04 Pixel5 79.09 21.92 21.92;
0 Pixel4 79.09 21.92 21.92;
0 Pixel3 79.09 21.92 21.92;
0 Pixel2 79.09 21.92 21.92;
0 Pixel1 79.09 21.92 21.92;
20.3175 Pixel5 77.63 21.91 21.91;
0 Pixel4 77.63 21.91 21.91;
0 Pixel3 77.63 21.91 21.91;
0 Pixel2 77.63 21.91 21.91;
0 Pixel1 77.63 21.91 21.91;
18.8662 Pixel5 76.18 21.89 21.89;
0 Pixel4 76.18 21.89 21.89;
0 Pixel3 76.18 21.89 21.89;
0 Pixel2 76.18 21.89 21.89;
0 Pixel1 76.18 21.89 21.89;
14.5125 Pixel5 73.27 21.42 21.42;
0 Pixel4 73.27 21.42 21.42;
0 Pixel3 73.27 21.42 21.42;
0 Pixel2 73.27 21.42 21.42;
0 Pixel1 73.27 21.42 21.42;
20.3175 Pixel5 70.36 20.93 20.93;
0 Pixel4 70.36 20.93 20.93;
0 Pixel3 70.36 20.93 20.93;
0 Pixel2 70.36 20.93 20.93;
0 Pixel1 70.36 20.93 20.93;
15.9637 Pixel5 68.91 21.19 21.19;
0 Pixel4 68.91 21.19 21.19;
0 Pixel3 68.91 21.19 21.19;
0 Pixel2 68.91 21.19 21.19;
0 Pixel1 68.91 21.19 21.19;
13.0612 Pixel5 66 20.96 20.96;
0 Pixel4 66 20.96 20.96;
0 Pixel3 66 20.96 20.96;
0 Pixel2 66 20.96 20.96;
0 Pixel1 66 20.96 20.96;
18.8662 Pixel5 63.1 20.67 20.67;
0 Pixel4 63.1 20.67 20.67;
0 Pixel3 63.1 20.67 20.67;
0 Pixel2 63.1 20.67 20.67;
0 Pixel1 63.1 20.67 20.67;
20.3175 Pixel5 60.19 20.93 20.93;
0 Pixel4 60.19 20.93 20.93;
0 Pixel3 60.19 20.93 20.93;
0 Pixel2 60.19 20.93 20.93;
0 Pixel1 60.19 20.93 20.93;
13.0612 Pixel5 55.83 20.82 20.82;
0 Pixel4 55.83 20.82 20.82;
0 Pixel3 55.83 20.82 20.82;
0 Pixel2 55.83 20.82 20.82;
0 Pixel1 55.83 20.82 20.82;
17.415 Pixel5 52.92 20.8 20.8;
0 Pixel4 52.92 20.8 20.8;
0 Pixel3 52.92 20.8 20.8;
0 Pixel2 52.92 20.8 20.8;
0 Pixel1 52.92 20.8 20.8;
14.5125 Pixel5 51.47 21.53 21.53;
0 Pixel4 51.47 21.53 21.53;
0 Pixel3 51.47 21.53 21.53;
0 Pixel2 51.47 21.53 21.53;
0 Pixel1 51.47 21.53 21.53;
18.8662 Pixel5 50.01 21.93 21.93;
0 Pixel4 50.01 21.93 21.93;
0 Pixel3 50.01 21.93 21.93;
0 Pixel2 50.01 21.93 21.93;
0 Pixel1 50.01 21.93 21.93;
18.8662 Pixel5 48.56 22.52 22.52;
0 Pixel4 48.56 22.52 22.52;
0 Pixel3 48.56 22.52 22.52;
0 Pixel2 48.56 22.52 22.52;
0 Pixel1 48.56 22.52 22.52;
13.0612 Pixel5 47.1 23.27 23.27;
0 Pixel4 47.1 23.27 23.27;
0 Pixel3 47.1 23.27 23.27;
0 Pixel2 47.1 23.27 23.27;
0 Pixel1 47.1 23.27 23.27;
20.3175 Pixel5 47.1 24.93 24.93;
0 Pixel4 47.1 24.93 24.93;
0 Pixel3 47.1 24.93 24.93;
0 Pixel2 47.1 24.93 24.93;
0 Pixel1 47.1 24.93 24.93;
15.9637 Pixel5 45.65 25.31 25.31;
0 Pixel4 45.65 25.31 25.31;
0 Pixel3 45.65 25.31 25.31;
0 Pixel2 45.65 25.31 25.31;
0 Pixel1 45.65 25.31 25.31;
13.0612 Pixel5 48.56 28.88 28.88;
0 Pixel4 48.56 28.88 28.88;
0 Pixel3 48.56 28.88 28.88;
0 Pixel2 48.56 28.88 28.88;
0 Pixel1 48.56 28.88 28.88;
14.5125 Pixel5 48.56 31.33 31.33;
0 Pixel4 48.56 31.33 31.33;
0 Pixel3 48.56 31.33 31.33;
0 Pixel2 48.56 31.33 31.33;
0 Pixel1 48.56 31.33 31.33;
18.8662 Pixel5 48.56 33.77 33.77;
0 Pixel4 48.56 33.77 33.77;
0 Pixel3 48.56 33.77 33.77;
0 Pixel2 48.56 33.77 33.77;
0 Pixel1 48.56 33.77 33.77;
18.8662 Pixel5 50.01 37.81 37.81;
0 Pixel4 50.01 37.81 37.81;
0 Pixel3 50.01 37.81 37.81;
0 Pixel2 50.01 37.81 37.81;
0 Pixel1 50.01 37.81 37.81;
13.0612 Pixel5 50.01 38.57 38.57;
0 Pixel4 50.01 38.57 38.57;
0 Pixel3 50.01 38.57 38.57;
0 Pixel2 50.01 38.57 38.57;
0 Pixel1 50.01 38.57 38.57;
15.9637 Pixel5 50.01 39.83 39.83;
0 Pixel4 50.01 39.83 39.83;
0 Pixel3 50.01 39.83 39.83;
0 Pixel2 50.01 39.83 39.83;
0 Pixel1 50.01 39.83 39.83;
14.5125 Pixel5 48.56 39.65 39.65;
0 Pixel4 48.56 39.65 39.65;
0 Pixel3 48.56 39.65 39.65;
0 Pixel2 48.56 39.65 39.65;
0 Pixel1 48.56 39.65 39.65;
18.8662 Pixel5 48.56 40.87 40.87;
0 Pixel4 48.56 40.87 40.87;
0 Pixel3 48.56 40.87 40.87;
0 Pixel2 48.56 40.87 40.87;
0 Pixel1 48.56 40.87 40.87;
20.3175 Pixel5 47.1 41.07 41.07;
0 Pixel4 47.1 41.07 41.07;
0 Pixel3 47.1 41.07 41.07;
0 Pixel2 47.1 41.07 41.07;
0 Pixel1 47.1 41.07 41.07;
14.5125 Pixel5 44.2 39.43 39.43;
0 Pixel4 44.2 39.43 39.43;
0 Pixel3 44.2 39.43 39.43;
0 Pixel2 44.2 39.43 39.43;
0 Pixel1 44.2 39.43 39.43;
14.5125 Pixel5 41.29 38.08 38.08;
0 Pixel4 41.29 38.08 38.08;
0 Pixel3 41.29 38.08 38.08;
0 Pixel2 41.29 38.08 38.08;
0 Pixel1 41.29 38.08 38.08;
20.3175 Pixel5 39.83 37.55 37.55;
0 Pixel4 39.83 37.55 37.55;
0 Pixel3 39.83 37.55 37.55;
0 Pixel2 39.83 37.55 37.55;
0 Pixel1 39.83 37.55 37.55;
14.5125 Pixel5 35.47 34.69 34.69;
0 Pixel4 35.47 34.69 34.69;
0 Pixel3 35.47 34.69 34.69;
0 Pixel2 35.47 34.69 34.69;
0 Pixel1 35.47 34.69 34.69;
14.5125 Pixel5 25.3 25.3 25.3;
0 Pixel4 25.3 25.3 25.3;
0 Pixel3 25.3 25.3 25.3;
0 Pixel2 25.3 25.3 25.3;
0 Pixel1 25.3 25.3 25.3;
13.0612 Pixel5 16.57 16.57 16.57;
0 Pixel4 16.57 16.57 16.57;
0 Pixel3 16.57 16.57 16.57;
0 Pixel2 16.57 16.57 16.57;
0 Pixel1 16.57 16.57 16.57;
23.22 Pixel5 12.21 12.21 12.21;
0 Pixel4 12.21 12.21 12.21;
0 Pixel3 12.21 12.21 12.21;
0 Pixel2 12.21 12.21 12.21;
0 Pixel1 12.21 12.21 12.21;
15.9637 Pixel5 10.76 10.76 10.76;
0 Pixel4 10.76 10.76 10.76;
0 Pixel3 10.76 10.76 10.76;
0 Pixel2 10.76 10.76 10.76;
0 Pixel1 10.76 10.76 10.76;
17.415 Pixel5 6.4 6.4 6.4;
0 Pixel4 6.4 6.4 6.4;
0 Pixel3 6.4 6.4 6.4;
0 Pixel2 6.4 6.4 6.4;
0 Pixel1 6.4 6.4 6.4;
14.5125 Pixel5 4.94 4.94 4.94;
0 Pixel4 4.94 4.94 4.94;
0 Pixel3 4.94 4.94 4.94;
0 Pixel2 4.94 4.94 4.94;
0 Pixel1 4.94 4.94 4.94;
36.2812 Pixel5 0.58 0.58 0.58;
0 Pixel4 0.58 0.58 0.58;
0 Pixel3 0.58 0.58 0.58;
0 Pixel2 0.58 0.58 0.58;
0 Pixel1 0.58 0.58 0.58;
13.0612 Pixel5 0 0 0;
0 Pixel4 0 0 0;
0 Pixel3 0 0 0;
0 Pixel2 0 0 0;
0 Pixel1 0 0 0;
7755.46 stop;
