proj4 rotation 0 32 0 0 0 0 0 -107.27 0 140 0 0 0 0 0 0 0 0 0 0 0 0 0 0 0 0 0 0 0 0 0 0 0 0;
proj4 pantilt_2 0 32 0 50 -50 6.77 3.81 0 0 0 0 0 0 0 0 0 0 0 0 0 0 0 0 0 0 0 0 0 0 0 0 0 0 0;
proj4 pantilt_1 0 32 0 6.79 2.58 -100 100 0 0 0 0 0 0 0 0 0 0 0 0 0 0 0 0 0 0 0 0 0 0 0 0 0 0 0;
proj3 rotation 0 32 0 0 0 0 0 -107.27 0 140 0 0 0 0 0 0 0 0 0 0 0 0 0 0 0 0 0 0 0 0 0 0 0 0;
proj3 pantilt_2 0 32 0 50 -50 6.77 3.81 0 0 0 0 0 0 0 0 0 0 0 0 0 0 0 0 0 0 0 0 0 0 0 0 0 0 0;
proj3 pantilt_1 0 32 0 6.79 2.58 -100 100 0 0 0 0 0 0 0 0 0 0 0 0 0 0 0 0 0 0 0 0 0 0 0 0 0 0 0;
proj2 rotation 0 32 0 0 0 0 0 -107.27 0 140 0 0 0 0 0 0 0 0 0 0 0 0 0 0 0 0 0 0 0 0 0 0 0 0;
proj2 pantilt_2 0 32 0 50 -50 6.77 3.81 0 0 0 0 0 0 0 0 0 0 0 0 0 0 0 0 0 0 0 0 0 0 0 0 0 0 0;
proj2 pantilt_1 0 32 0 6.79 2.58 -100 100 0 0 0 0 0 0 0 0 0 0 0 0 0 0 0 0 0 0 0 0 0 0 0 0 0 0 0;
proj1 rotation 0 32 0 0 0 0 0 -107.27 0 140 0 0 0 0 0 0 0 0 0 0 0 0 0 0 0 0 0 0 0 0 0 0 0 0;
proj1 pantilt_2 0 32 0 50 -50 6.77 3.81 0 0 0 0 0 0 0 0 0 0 0 0 0 0 0 0 0 0 0 0 0 0 0 0 0 0 0;
proj1 pantilt_1 0 32 0 6.79 2.58 -100 100 0 0 0 0 0 0 0 0 0 0 0 0 0 0 0 0 0 0 0 0 0 0 0 0 0 0 0;
