bank 0 32 0 0 0 0 0 0 0 0 0 0 0 0 0 0 0 0 0 0 0 0 0 0 0 0 0 0 0 0 0 0 0 0;
pan_tilt_2 8.64 32 24.72 11.01 8.64 1.3 9.77 -0.57 -3 -2.77 29.23 29.23 29.23 29.23 0 0 0 0 0 0 0 0 0 0 0 0 0 0 0 0 0 0 0 0;
pan_tilt_1 172.64 32 65.51 148.45 172.64 121.64 132.16 148.17 177.86 188.49 44.03 44.03 44.03 44.03 0 0 0 0 0 0 0 0 0 0 0 0 0 0 0 0 0 0 0 0;
quad_8 -1 32 -1 -1 -1 -1 -0.57 -0.61 -1 -1 -1 -1 -1 -1 0 0 0 0 0 0 0 0 0 0 0 0 0 0 0 0 0 0 0 0;
quad_7 -1 32 -1 -1 -1 -1 -0.91 -1 -1 -1 -1 -1 -1 -1 0 0 0 0 0 0 0 0 0 0 0 0 0 0 0 0 0 0 0 0;
quad_6 -0.91 32 -0.91 -0.91 -0.91 -1 -0.69 -0.58 -1 -1 -1 -1 -1 -1 0 0 0 0 0 0 0 0 0 0 0 0 0 0 0 0 0 0 0 0;
quad_5 0.36 32 0.36 0.36 0.36 -0.31 -0.33 -0.17 1 -0.41 1 1 1 1 0 0 0 0 0 0 0 0 0 0 0 0 0 0 0 0 0 0 0 0;
quad_4 0.88 32 0.88 0.88 0.88 1 0.35 0.25 1 0.84 1 1 1 1 0 0 0 0 0 0 0 0 0 0 0 0 0 0 0 0 0 0 0 0;
quad_3 0.24 32 0.24 0.24 0.24 -0.21 -0.11 -0.11 1 -0.3 1 1 1 1 0 0 0 0 0 0 0 0 0 0 0 0 0 0 0 0 0 0 0 0;
quad_2 1 32 1 1 1 1 0.58 0.26 1 1 1 1 1 1 0 0 0 0 0 0 0 0 0 0 0 0 0 0 0 0 0 0 0 0;
quad_1 -0.74 32 -0.74 -0.74 -0.74 -0.81 -1 -1 -0.98 -0.98 -0.99 -0.99 -0.99 -0.99 0 0 0 0 0 0 0 0 0 0 0 0 0 0 0 0 0 0 0 0;
rgb_1_3 1 32 0 1 1 1 1 0.72 0 0 1 1 1 1 0 0 0 0 0 0 0 0 0 0 0 0 0 0 0 0 0 0 0 0;
rgb_1_2 1 32 0 1 1 0.03 0 0 0.68 0.68 1 1 1 1 0 0 0 0 0 0 0 0 0 0 0 0 0 0 0 0 0 0 0 0;
rgb_1_1 1 32 1 1 1 0 0.68 1 0.09 0.65 1 1 1 1 0 0 0 0 0 0 0 0 0 0 0 0 0 0 0 0 0 0 0 0;
cache 0 32 0 0 0 0 0 0 0 0 0 0 0 0 0 0 0 0 0 0 0 0 0 0 0 0 0 0 0 0 0 0 0 0;
film 12 32 1 11 12 4 5 6 7 8 9 10 11 12 0 0 0 0 0 0 0 0 0 0 0 0 0 0 0 0 0 0 0 0;
master 1 32 0.48 1 1 0.48 0.48 0.48 0.48 0.48 1 1 1 1 0 0 0 0 0 0 0 0 0 0 0 0 0 0 0 0 0 0 0 0;
