mode4 0 32 0 0 0 0 0 0 0 0 0 0 0 0 0 0 0 0 0 0 0 0 0 0 0 0 0 0 0 0 0 0 0 0;
mode3 0 32 0 0 0 0 0 0 0 0 0 0 0 0 0 0 0 0 0 0 0 0 0 0 0 0 0 0 0 0 0 0 0 0;
mode2 0 32 0 0 0 0 0 0 0 0 0 0 0 0 0 0 0 0 0 0 0 0 0 0 0 0 0 0 0 0 0 0 0 0;
mode1 0 32 0 0 0 0 0 0 0 0 0 0 0 0 0 0 0 0 0 0 0 0 0 0 0 0 0 0 0 0 0 0 0 0;
Pixel5_3 87.49 32 87.49 87.49 87.49 87.49 87.49 87.49 87.49 87.49 0 0 0 0 0 0 0 0 0 0 0 0 0 0 0 0 0 0 0 0 0 0 0 0;
Pixel5_2 87.49 32 87.49 87.49 87.49 87.49 87.49 87.49 87.49 87.49 0 0 0 0 0 0 0 0 0 0 0 0 0 0 0 0 0 0 0 0 0 0 0 0;
Pixel5_1 145.38 32 145.38 145.38 145.38 145.38 145.38 145.38 145.38 145.38 0 0 0 0 0 0 0 0 0 0 0 0 0 0 0 0 0 0 0 0 0 0 0 0;
Pixel4_3 87.49 32 87.49 87.49 87.49 87.49 87.49 87.49 87.49 87.49 0 0 0 0 0 0 0 0 0 0 0 0 0 0 0 0 0 0 0 0 0 0 0 0;
Pixel4_2 87.49 32 87.49 87.49 87.49 87.49 87.49 87.49 87.49 87.49 0 0 0 0 0 0 0 0 0 0 0 0 0 0 0 0 0 0 0 0 0 0 0 0;
Pixel4_1 145.38 32 145.38 145.38 145.38 145.38 145.38 145.38 145.38 145.38 0 0 0 0 0 0 0 0 0 0 0 0 0 0 0 0 0 0 0 0 0 0 0 0;
Pixel3_3 87.49 32 87.49 87.49 87.49 87.49 87.49 87.49 87.49 87.49 0 0 0 0 0 0 0 0 0 0 0 0 0 0 0 0 0 0 0 0 0 0 0 0;
Pixel3_2 87.49 32 87.49 87.49 87.49 87.49 87.49 87.49 87.49 87.49 0 0 0 0 0 0 0 0 0 0 0 0 0 0 0 0 0 0 0 0 0 0 0 0;
Pixel3_1 145.38 32 145.38 145.38 145.38 145.38 145.38 145.38 145.38 145.38 0 0 0 0 0 0 0 0 0 0 0 0 0 0 0 0 0 0 0 0 0 0 0 0;
Pixel2_3 56 32 56 56 56 56 56 56 56 56 0 0 0 0 0 0 0 0 0 0 0 0 0 0 0 0 0 0 0 0 0 0 0 0;
Pixel2_2 56 32 56 56 56 56 56 56 56 56 0 0 0 0 0 0 0 0 0 0 0 0 0 0 0 0 0 0 0 0 0 0 0 0;
Pixel2_1 161 32 161 161 161 161 161 161 161 161 0 0 0 0 0 0 0 0 0 0 0 0 0 0 0 0 0 0 0 0 0 0 0 0;
Pixel1_3 80 32 80 80 80 80 80 80 80 80 0 0 0 0 0 0 0 0 0 0 0 0 0 0 0 0 0 0 0 0 0 0 0 0;
Pixel1_2 80 32 80 80 80 80 80 80 80 80 0 0 0 0 0 0 0 0 0 0 0 0 0 0 0 0 0 0 0 0 0 0 0 0;
Pixel1_1 173 32 173 173 173 173 173 173 173 173 0 0 0 0 0 0 0 0 0 0 0 0 0 0 0 0 0 0 0 0 0 0 0 0;
pantilt_2 155.87 32 136.73 45.58 43.3 255 255 155.87 155.87 155.87 0 0 0 0 0 0 0 0 0 0 0 0 0 0 0 0 0 0 0 0 0 0 0 0;
pantilt_1 121.12 32 123.36 255 0 0 255 121.12 121.12 121.12 0 0 0 0 0 0 0 0 0 0 0 0 0 0 0 0 0 0 0 0 0 0 0 0;
shutter 0 32 0 0 0 0 0 0 0 0 0 0 0 0 0 0 0 0 0 0 0 0 0 0 0 0 0 0 0 0 0 0 0 0;
color 167.67 32 0 0 0 2.12 0 0 0 167.67 0 0 0 0 0 0 0 0 0 0 0 0 0 0 0 0 0 0 0 0 0 0 0 0;
gobo 153.7 32 0 0 0 0 0 100.6 153.7 153.7 0 0 0 0 0 0 0 0 0 0 0 0 0 0 0 0 0 0 0 0 0 0 0 0;
speed 0 32 0 0 0 0 0 0 0 0 0 0 0 0 0 0 0 0 0 0 0 0 0 0 0 0 0 0 0 0 0 0 0 0;
dimmer 164.88 32 164.88 164.88 164.88 164.88 164.88 164.88 164.88 164.88 0 0 0 0 0 0 0 0 0 0 0 0 0 0 0 0 0 0 0 0 0 0 0 0;
