Automatic1_shutter 74.73 32 0 0 0 0 0 0 39.39 74.73 0 0 0 0 0 0 0 0
0 0 0 0 0 0 0 0 0 0 0 0 0 0 0 0;
Automatic1_color 0 32 0 0 0 57.56 68.67 19.19 78.77 0 0 0 0 0 0 0 0
0 0 0 0 0 0 0 0 0 0 0 0 0 0 0 0 0;
Automatic1_gobo 0 32 0 0 0 0 0 34.34 34.34 0 0 0 0 0 0 0 0 0 0 0 0
0 0 0 0 0 0 0 0 0 0 0 0 0;
Automatic1_speed 0 32 0 0 0 93.92 119.17 119.17 220.16 0 0 0 0 0 0
0 0 0 0 0 0 0 0 0 0 0 0 0 0 0 0 0 0 0;
Automatic1_dimmer 163.6 32 0 79.78 121.19 121.19 218.14 134.32 249.45
163.6 0 0 0 0 0 0 0 0 0 0 0 0 0 0 0 0 0 0 0 0 0 0 0 0;
Automatic1_pt2 0 32 118.5 68.36 92.29 74.06 48.88 50.02 50.02 0 0 0
0 0 0 0 0 0 0 0 0 0 0 0 0 0 0 0 0 0 0 0 0 0;
Automatic1_pt1 0 32 196.26 42.06 95.33 136.68 85.23 100.65 100.65 0
0 0 0 0 0 0 0 0 0 0 0 0 0 0 0 0 0 0 0 0 0 0 0 0;
