LumG mode4 0.57 32 0 0.52 0.52 0.52 0.52 0.44 0.3 0.57 0 0 0 0 0 0 0 0 0 0 0 0 0 0 0 0 0 0 0 0 0 0 0 0;
LumG mode3 0.95 32 0.37 0.22 0.22 0.22 0.22 0.72 0.68 0.95 0 0 0 0 0 0 0 0.37 0 0 0 0 0 0 0 0 0 0 0 0 0 0 0 0;
LumG mode2 0.5 32 0.42 0.48 0.48 0.48 0.48 0.3 0.02 0.5 0 0 0 0 0 0 0 0.42 0 0 0 0 0 0 0 0 0 0 0 0 0 0 0 0;
LumG mode1 0.37 32 0 0.5 0.5 0.5 0.5 0.24 0.37 0.37 0 0 0 0 0 0 0 0 0 0 0 0 0 0 0 0 0 0 0 0 0 0 0 0;
proj4 mode3 0.41 32 0 0 0 0 1 0.77 0.95 0.41 0 0 0 0 0 0 0 0 0 0 0 0 0 0 0 0 0 0 0 0 0 0 0 0;
proj4 mode2 0.5 32 0 0 0 0 0.46 0.29 0.5 0.5 0 0 0 0 0 0 0 0 0 0 0 0 0 0 0 0 0 0 0 0 0 0 0 0;
proj4 mode1 0.4 32 0 0 0 0 0.07 0.44 0.4 0.4 0 0 0 0 0 0 0 0 0 0 0 0 0 0 0 0 0 0 0 0 0 0 0 0;
proj4 lumiere3 64.06 32 0 0 0 0 100 100 30.25 64.06 0 0 0 0 0 0 0 0 0 0 0 0 0 0 0 0 0 0 0 0 0 0 0 0;
proj4 lumiere2 79.1 32 0 100 0 100 100 100 57.24 79.1 0 0 0 0 0 0 0 0 0 0 0 0 0 0 0 0 0 0 0 0 0 0 0 0;
proj4 lumiere1 83.85 32 0 0 100 100 100 100 57.72 83.85 0 0 0 0 0 0 0 0 0 0 0 0 0 0 0 0 0 0 0 0 0 0 0 0;
proj3 mode3 0.41 32 0 0 0 0 1 0.51 0.95 0.41 0 0 0 0 0 0 0 0 0 0 0 0 0 0 0 0 0 0 0 0 0 0 0 0;
proj3 mode2 0.69 32 0 0 0 0 0.46 0.2 0.5 0.69 0 0 0 0 0 0 0 0 0 0 0 0 0 0 0 0 0 0 0 0 0 0 0 0;
proj3 mode1 0.4 32 0 0 0 0 0 0.41 0.4 0.4 0 0 0 0 0 0 0 0 0 0 0 0 0 0 0 0 0 0 0 0 0 0 0 0;
proj3 lumiere3 60.5 32 0 0 0 100 0 100 29.54 60.5 0 0 0 0 0 0 0 62.59 0 0 0 0 0 0 0 0 0 0 0 0 0 0 0 0;
proj3 lumiere2 79.1 32 0 98.89 0 100 100 100 57.24 79.1 0 0 0 0 0 0 0 0 0 0 0 0 0 0 0 0 0 0 0 0 0 0 0 0;
proj3 lumiere1 83.85 32 0 0 100 100 100 100 57.72 83.85 0 0 0 0 0 0 0 0 0 0 0 0 0 0 0 0 0 0 0 0 0 0 0 0;
proj2 mode3 0.42 32 0 0 0 0 1 0.59 0.95 0.42 0 0 0 0 0 0 0 0 0 0 0 0 0 0 0 0 0 0 0 0 0 0 0 0;
proj2 mode2 0.5 32 0 0 0 0 0.46 0.2 0.5 0.5 0 0 0 0 0 0 0 0 0 0 0 0 0 0 0 0 0 0 0 0 0 0 0 0;
proj2 mode1 0.4 32 0 0 0 0 0 0.36 0.4 0.4 0 0 0 0 0 0 0 0 0 0 0 0 0 0 0 0 0 0 0 0 0 0 0 0;
proj2 lumiere3 62.28 32 0 0 100 0 0 100 28.72 62.28 0 0 0 0 0 0 0 56.26 0 0 0 0 0 0 0 0 0 0 0 0 0 0 0 0;
proj2 lumiere2 79.1 32 0 100 0 100 100 100 57.24 79.1 0 0 0 0 0 0 0 21.07 0 0 0 0 0 0 0 0 0 0 0 0 0 0 0 0;
proj2 lumiere1 83.85 32 0 0 100 100 100 100 57.72 83.85 0 0 0 0 0 0 0 24.77 0 0 0 0 0 0 0 0 0 0 0 0 0 0 0 0;
proj1 mode3 0.41 32 0.49 0 0 0 1 0.57 0.95 0.41 0 0 0 0 0 0 0 0.49 0 0 0 0 0 0 0 0 0 0 0 0 0 0 0 0;
proj1 mode2 0.5 32 0.37 0 0 0 0.46 0.2 0.5 0.5 0 0 0 0 0 0 0 0.37 0 0 0 0 0 0 0 0 0 0 0 0 0 0 0 0;
proj1 mode1 0.4 32 0.19 0 0 0 0 0.34 0.4 0.4 0 0 0 0 0 0 0 0.19 0 0 0 0 0 0 0 0 0 0 0 0 0 0 0 0;
proj1 lumiere3 61.28 32 0 100 0 0 0 100 30.64 61.28 0 0 0 0 0 0 0 0 0 0 0 0 0 0 0 0 0 0 0 0 0 0 0 0;
proj1 lumiere2 79.1 32 0 100 0 100 100 100 57.24 79.1 0 0 0 0 0 0 0 66.54 0 0 0 0 0 0 0 0 0 0 0 0 0 0 0 0;
proj1 lumiere1 83.85 32 0 0 100 100 100 100 57.72 83.85 0 0 0 0 0 0 0 34.01 0 0 0 0 0 0 0 0 0 0 0 0 0 0 0 0;
