4mode2 0 16 0 0 0 0 0 0 0 0 0 0 0 0 0 0 0 0;
4mode1 0 16 0 0 0 0 0 0 0 0 0 0 0 0 0 0 0 0;
4R 0 16 0 0 0 0 0 0 0 0 0 0 0 0 0 0 0 0;
4L2 0 16 0 0 0 0 0 0 0 0 0 0 0 0 0 0 0 0;
4L1 0 16 0 0 0 0 0 0 0 0 0 0 0 0 0 0 0 0;
4Y 0 16 43.59 0 0 0 0 0 0 0 0 0 0 0 0 0 0 0;
4X 0 16 -34.24 0 0 0 0 0 0 0 0 0 0 0 0 0 0 0;
3mode2 3 16 1 1 2 3 3 3 3 3 0 0 3 0 0 0 0 2;
3mode1 3 16 2 1 2 3 3 3 3 3 0 0 3 0 0 0 0 2;
3R -76.74 16 -150 -80.73 -30.9 0 39.87 0 -97.67 109.63 0 0 -76.74 0
0 0 0 0;
3L2 100 16 0 75.39 0 90.58 100 0 93.19 0 0 0 100 0 0 0 0 0;
3L1 0 16 63.35 84.29 100 0 0 100 0 100 100 100 0 100 100 100 100 100
;
3Y -26.93 16 -8.97 51.28 46.15 97.43 5.12 97.43 -15.39 1.28 97.43 97.43
-26.93 97.43 97.43 97.43 97.43 -60;
3X 100 16 35.02 71.61 -77.04 -55.25 -24.12 -55.25 100 -100 -55.25 -55.25
100 -55.25 -55.25 -55.25 -55.25 100;
2mode2 0 16 0 0 0 0 0 0 0 0 0 0 0 0 0 0 0 0;
2mode1 3 16 3 3 0 3 3 3 3 3 0 0 3 0 0 0 0 3;
2R 0 16 0 0 0 0 0 0 0 0 0 0 0 0 0 0 0 0;
2L2 0 16 0 0 0 0 0 0 0 0 0 0 0 0 0 0 0 0;
2L1 100 16 0 100 100 100 100 100 100 100 100 100 100 100 100 100 100
100;
2Y 37.18 16 43.59 37.18 37.18 37.18 37.18 37.18 37.18 37.18 37.18 37.18
37.18 37.18 37.18 37.18 37.18 37.18;
2X 68.48 16 26.46 68.48 68.48 68.48 68.48 68.48 68.48 68.48 68.48 68.48
68.48 68.48 68.48 68.48 68.48 68.48;
1mode2 0 16 0 0 0 0 0 0 0 0 0 0 0 0 0 0 0 0;
1mode1 3 16 3 3 3 3 3 3 3 3 0 0 3 0 0 0 0 3;
1R 0 16 0 0 0 0 0 0 0 0 0 0 0 0 0 0 0 0;
1L2 0 16 0 0 0 0 0 0 0 0 0 0 0 0 0 0 0 0;
1L1 0 16 0 0 0 0 0 0 0 0 0 0 0 0 0 0 0 0;
1Y 0 16 50 0 0 0 0 0 0 0 0 0 0 0 0 0 0 0;
1X -39.69 16 24.9 -39.69 -39.69 -39.69 -39.69 -39.69 -39.69 -39.69
-39.69 -39.69 -39.69 -39.69 -39.69 -39.69 -39.69 -39.69;
