rgb_1_3 0 16 0 0 1 1 1 0.72 0 0 0 0 0 0 0 0 0 0;
rgb_1_2 0.68 16 0 1 0.84 0.03 0 0 0.68 0.68 0 0 0 0 0 0 0 0;
rgb_1_1 0.65 16 1 0.52 0 0 0.68 1 0.09 0.65 0 0 0 0 0 0 0 0;
master 0.48 16 0.48 0.48 0.48 0.48 0.48 0.48 0.48 0.48 0 0 0 0 0 0
0 0;
shaderonoff 0 16 0 0 0 0 0 0 0 0 0 0 0 0 0 0 0 0;
chroma_fade 0 16 0 0 0 0 0 0 0 0 0 0 0 0 0 0 0 0;
chroma_rgb_3 0.98 16 0.98 0.98 0.98 0.98 0.98 0.98 0.98 0.98 0 0 0
0 0 0 0 0;
chroma_rgb_2 0.98 16 0.98 0.98 0.98 0.98 0.98 0.98 0.98 0.98 0 0 0
0 0 0 0 0;
chroma_rgb_1 1 16 1 1 1 1 1 1 1 1 0 0 0 0 0 0 0 0;
chroma_thres 0 16 0 0 0 0 0 0 0 0 0 0 0 0 0 0 0 0;
saturation 0 16 0 0 0 0 0 0 0 0 0 0 0 0 0 0 0 0;
contrast 0 16 0 0 0 0 0 0 0 0 0 0 0 0 0 0 0 0;
brightness 0 16 0 0 0 0 0 0 0 0 0 0 0 0 0 0 0 0;
