0 4R -54.71 5.63;
0 4Y 15.6 5.63;
0 4X -49.6 5.63;
0 3R -54.71 5.63;
0 3Y 15.6 5.63;
0 3X -49.6 5.63;
0 2R -54.71 5.63;
0 2Y 15.6 5.63;
0 2X -49.6 5.63;
0 1R -54.71 5.63;
0 1Y 15.6 5.63;
0 1X -49.6 5.63;
1998.37 4R -54.71 2.82;
0 3R -54.71 2.82;
7.25624 2R -54.71 2.82;
0 2R -54.71 2.82;
0 3R -54.71 2.82;
0 4R -54.71 2.82;
0 1R -54.71 2.82;
13.0612 4Y -14.86 2.82;
0 4X 100 2.82;
0 3Y -14.86 2.82;
0 3X 100 2.82;
0 2Y -14.86 2.82;
0 2X 100 2.82;
0 2Y -14.86 2.82;
0 2X 100 2.82;
0 3Y -14.86 2.82;
0 3X 100 2.82;
0 4Y -14.86 2.82;
0 4X 100 2.82;
0 1Y -14.86 2.82;
0 1X 100 2.82;
4076.55 4R -54.71 2.82;
0 3R -54.71 2.82;
5.80499 2R -54.71 2.82;
0 2R -54.71 2.82;
0 3R -54.71 2.82;
0 4R -54.71 2.82;
0 1R -54.71 2.82;
11.61 4Y 15.6 2.82;
0 4X -49.6 2.82;
0 3Y 15.6 2.82;
0 3X -49.6 2.82;
0 2Y 15.6 2.82;
0 2X -49.6 2.82;
0 2Y 15.6 2.82;
0 2X -49.6 2.82;
0 3Y 15.6 2.82;
0 3X -49.6 2.82;
0 4Y 15.6 2.82;
0 4X -49.6 2.82;
0 1Y 15.6 2.82;
0 1X -49.6 2.82;
3327.71 4R -54.71 2.82;
0 3R -54.71 2.82;
0 2R -54.71 2.82;
0 2R -54.71 2.82;
0 3R -54.71 2.82;
0 4R -54.71 2.82;
0 1R -54.71 2.82;
26.1224 4Y -42.35 2.82;
0 4X 80.41 2.82;
0 3Y -42.35 2.82;
0 3X 80.41 2.82;
0 2Y -42.35 2.82;
0 2X 80.41 2.82;
0 2Y -42.35 2.82;
0 2X 80.41 2.82;
0 3Y -42.35 2.82;
0 3X 80.41 2.82;
0 4Y -42.35 2.82;
0 4X 80.41 2.82;
0 1Y -42.35 2.82;
0 1X 80.41 2.82;
3377.05 2Y -42.35 2.82;
0 2X 78.63 2.82;
17.415 2Y -40.12 2.82;
0 2X 76.85 2.82;
20.3175 2Y -34.92 2.82;
0 2X 69.72 2.82;
13.0612 2Y -30.46 2.82;
0 2X 60.82 2.82;
15.9637 2Y -24.52 2.82;
0 2X 51.02 2.82;
18.8662 2Y -19.32 2.82;
0 2X 42.12 2.82;
17.415 2Y -10.4 2.82;
0 2X 30.54 2.82;
15.9637 2Y -5.2 2.82;
0 2X 23.42 2.82;
15.9637 2Y 0 2.82;
0 2X 17.19 2.82;
15.9637 2Y 5.2 2.82;
0 2X 10.95 2.82;
17.415 2Y 11.14 2.82;
0 2X 2.94 2.82;
17.415 2Y 13.37 2.82;
0 2X -2.4 2.82;
17.415 2Y 14.86 2.82;
0 2X -6.86 2.82;
17.415 2Y 16.34 2.82;
0 2X -10.42 2.82;
15.9637 2Y 17.09 2.82;
0 2X -12.2 2.82;
17.415 2Y 17.09 2.82;
0 2X -13.98 2.82;
15.9637 2Y 17.83 2.82;
0 2X -15.76 2.82;
18.8662 2Y 18.57 2.82;
0 2X -17.54 2.82;
10.1587 2Y 20.06 2.82;
0 2X -19.32 2.82;
17.415 2Y 20.8 2.82;
0 2X -21.1 2.82;
20.3175 2Y 20.8 2.82;
0 2X -21.99 2.82;
1133.42 3Y -38.64 2.82;
0 3X 79.52 2.82;
15.9637 3Y -29.72 2.82;
0 3X 76.85 2.82;
15.9637 3Y -21.55 2.82;
0 3X 75.96 2.82;
13.0612 3Y -9.66 2.82;
0 3X 75.96 2.82;
17.415 3Y -3.72 2.82;
0 3X 77.74 2.82;
17.415 3Y 0.74 2.82;
0 3X 78.63 2.82;
17.415 3Y 5.2 2.82;
0 3X 80.41 2.82;
14.5125 3Y 6.68 2.82;
0 3X 81.3 2.82;
18.8662 3Y 8.17 2.82;
0 3X 82.19 2.82;
17.415 3Y 9.66 2.82;
0 3X 83.08 2.82;
15.9637 3Y 11.14 2.82;
0 3X 83.97 2.82;
18.8662 3Y 11.88 2.82;
0 3X 84.86 2.82;
11.61 3Y 14.11 2.82;
0 3X 86.64 2.82;
20.3175 3Y 14.86 2.82;
0 3X 87.53 2.82;
14.5125 3Y 15.6 2.82;
0 3X 87.53 2.82;
14.5125 3Y 16.34 2.82;
0 3X 87.53 2.82;
34.8299 3Y 17.09 2.82;
0 3X 88.42 2.82;
24.6712 3Y 19.31 2.82;
0 3X 89.31 2.82;
8.70748 3Y 20.06 2.82;
0 3X 90.21 2.82;
36.2812 3Y 20.8 2.82;
0 3X 90.21 2.82;
847.528 4Y -43.09 2.82;
0 4X 80.41 2.82;
13.0612 4Y -43.84 2.82;
0 4X 80.41 2.82;
36.2812 4Y -44.58 2.82;
0 4X 80.41 2.82;
34.8299 4Y -45.32 2.82;
0 4X 79.52 2.82;
13.0612 4Y -47.55 2.82;
0 4X 75.96 2.82;
20.3175 4Y -49.04 2.82;
0 4X 72.4 2.82;
14.5125 4Y -50 2.82;
0 4X 67.05 2.82;
17.415 4Y -50 2.82;
0 4X 59.04 2.82;
17.415 4Y -50 2.82;
0 4X 51.02 2.82;
18.8662 4Y -50 2.82;
0 4X 43.9 2.82;
13.0612 4Y -50 2.82;
0 4X 32.32 2.82;
15.9637 4Y -50 2.82;
0 4X 26.98 2.82;
17.415 4Y -50 2.82;
0 4X 21.64 2.82;
17.415 4Y -50 2.82;
0 4X 16.3 2.82;
17.415 4Y -50 2.82;
0 4X 11.84 2.82;
13.0612 4Y -50 2.82;
0 4X 7.39 2.82;
18.8662 4Y -50 2.82;
0 4X 2.94 2.82;
13.0612 4Y -50 2.82;
0 4X 1.16 2.82;
21.7687 4Y -50 2.82;
0 4X -1.51 2.82;
17.415 4Y -50 2.82;
0 4X -5.08 2.82;
13.0612 4Y -50 2.82;
0 4X -10.42 2.82;
17.415 4Y -50 2.82;
0 4X -15.76 2.82;
18.8662 4Y -50 2.82;
0 4X -21.99 2.82;
15.9637 4Y -50 2.82;
0 4X -24.67 2.82;
17.415 4Y -50 2.82;
0 4X -26.45 2.82;
13.0612 4Y -50 2.82;
0 4X -28.23 2.82;
17.415 4Y -50 2.82;
0 4X -30.01 2.82;
17.415 4Y -50 2.82;
0 4X -31.79 2.82;
18.8662 4Y -50 2.82;
0 4X -34.46 2.82;
14.5125 4Y -50 2.82;
0 4X -38.02 2.82;
17.415 4Y -49.78 2.82;
0 4X -42.48 2.82;
17.415 4Y -48.29 2.82;
0 4X -44.26 2.82;
13.0612 4Y -47.55 2.82;
0 4X -46.04 2.82;
15.9637 4Y -47.55 2.82;
0 4X -47.82 2.82;
18.8662 4Y -46.81 2.82;
0 4X -50.49 2.82;
20.3175 4Y -46.06 2.82;
0 4X -52.27 2.82;
11.61 4Y -45.32 2.82;
0 4X -54.05 2.82;
17.415 4Y -45.32 2.82;
0 4X -55.83 2.82;
13.0612 4Y -45.32 2.82;
0 4X -59.39 2.82;
1005.71 2Y -42.35 2.82;
0 2X 79.52 2.82;
0 3Y -42.35 2.82;
0 3X 79.52 2.82;
0 4Y -42.35 2.82;
0 4X 79.52 2.82;
0 1Y -42.35 2.82;
0 1X 79.52 2.82;
11.61 2Y -41.61 2.82;
0 2X 77.74 2.82;
0 3Y -41.61 2.82;
0 3X 77.74 2.82;
0 4Y -41.61 2.82;
0 4X 77.74 2.82;
0 1Y -41.61 2.82;
0 1X 77.74 2.82;
18.8662 2Y -40.12 2.82;
0 2X 75.07 2.82;
0 3Y -40.12 2.82;
0 3X 75.07 2.82;
0 4Y -40.12 2.82;
0 4X 75.07 2.82;
0 1Y -40.12 2.82;
0 1X 75.07 2.82;
20.3175 2Y -36.41 2.82;
0 2X 70.61 2.82;
0 3Y -36.41 2.82;
0 3X 70.61 2.82;
0 4Y -36.41 2.82;
0 4X 70.61 2.82;
0 1Y -36.41 2.82;
0 1X 70.61 2.82;
15.9637 2Y -32.69 2.82;
0 2X 64.38 2.82;
0 3Y -32.69 2.82;
0 3X 64.38 2.82;
0 4Y -32.69 2.82;
0 4X 64.38 2.82;
0 1Y -32.69 2.82;
0 1X 64.38 2.82;
13.0612 2Y -21.55 2.82;
0 2X 47.46 2.82;
0 3Y -21.55 2.82;
0 3X 47.46 2.82;
0 4Y -21.55 2.82;
0 4X 47.46 2.82;
0 1Y -21.55 2.82;
0 1X 47.46 2.82;
17.415 2Y -13.38 2.82;
0 2X 35.89 2.82;
0 3Y -13.38 2.82;
0 3X 35.89 2.82;
0 4Y -13.38 2.82;
0 4X 35.89 2.82;
0 1Y -13.38 2.82;
0 1X 35.89 2.82;
18.8662 2Y -8.17 2.82;
0 2X 29.65 2.82;
0 3Y -8.17 2.82;
0 3X 29.65 2.82;
0 4Y -8.17 2.82;
0 4X 29.65 2.82;
0 1Y -8.17 2.82;
0 1X 29.65 2.82;
17.415 2Y -3.72 2.82;
0 2X 24.31 2.82;
0 3Y -3.72 2.82;
0 3X 24.31 2.82;
0 4Y -3.72 2.82;
0 4X 24.31 2.82;
0 1Y -3.72 2.82;
0 1X 24.31 2.82;
15.9637 2Y 0.74 2.82;
0 2X 21.64 2.82;
0 3Y 0.74 2.82;
0 3X 21.64 2.82;
0 4Y 0.74 2.82;
0 4X 21.64 2.82;
0 1Y 0.74 2.82;
0 1X 21.64 2.82;
14.5125 2Y 2.97 2.82;
0 2X 19.86 2.82;
0 3Y 2.97 2.82;
0 3X 19.86 2.82;
0 4Y 2.97 2.82;
0 4X 19.86 2.82;
0 1Y 2.97 2.82;
0 1X 19.86 2.82;
18.8662 2Y 5.2 2.82;
0 2X 18.08 2.82;
0 3Y 5.2 2.82;
0 3X 18.08 2.82;
0 4Y 5.2 2.82;
0 4X 18.08 2.82;
0 1Y 5.2 2.82;
0 1X 18.08 2.82;
11.61 2Y 7.43 2.82;
0 2X 15.41 2.82;
0 3Y 7.43 2.82;
0 3X 15.41 2.82;
0 4Y 7.43 2.82;
0 4X 15.41 2.82;
0 1Y 7.43 2.82;
0 1X 15.41 2.82;
18.8662 2Y 8.91 2.82;
0 2X 14.52 2.82;
0 3Y 8.91 2.82;
0 3X 14.52 2.82;
0 4Y 8.91 2.82;
0 4X 14.52 2.82;
0 1Y 8.91 2.82;
0 1X 14.52 2.82;
18.8662 2Y 10.4 2.82;
0 2X 12.73 2.82;
0 3Y 10.4 2.82;
0 3X 12.73 2.82;
0 4Y 10.4 2.82;
0 4X 12.73 2.82;
0 1Y 10.4 2.82;
0 1X 12.73 2.82;
18.8662 2Y 13.37 2.82;
0 2X 10.06 2.82;
0 3Y 13.37 2.82;
0 3X 10.06 2.82;
0 4Y 13.37 2.82;
0 4X 10.06 2.82;
0 1Y 13.37 2.82;
0 1X 10.06 2.82;
14.5125 2Y 14.86 2.82;
0 2X 9.17 2.82;
0 3Y 14.86 2.82;
0 3X 9.17 2.82;
0 4Y 14.86 2.82;
0 4X 9.17 2.82;
0 1Y 14.86 2.82;
0 1X 9.17 2.82;
13.0612 2Y 17.83 2.82;
0 2X 7.39 2.82;
0 3Y 17.83 2.82;
0 3X 7.39 2.82;
0 4Y 17.83 2.82;
0 4X 7.39 2.82;
0 1Y 17.83 2.82;
0 1X 7.39 2.82;
17.415 2Y 21.54 2.82;
0 2X 4.72 2.82;
0 3Y 21.54 2.82;
0 3X 4.72 2.82;
0 4Y 21.54 2.82;
0 4X 4.72 2.82;
0 1Y 21.54 2.82;
0 1X 4.72 2.82;
20.3175 2Y 23.03 2.82;
0 2X 3.83 2.82;
0 3Y 23.03 2.82;
0 3X 3.83 2.82;
0 4Y 23.03 2.82;
0 4X 3.83 2.82;
0 1Y 23.03 2.82;
0 1X 3.83 2.82;
17.415 2Y 24.51 2.82;
0 2X 2.94 2.82;
0 3Y 24.51 2.82;
0 3X 2.94 2.82;
0 4Y 24.51 2.82;
0 4X 2.94 2.82;
0 1Y 24.51 2.82;
0 1X 2.94 2.82;
14.5125 2Y 26 2.82;
0 2X 2.05 2.82;
0 3Y 26 2.82;
0 3X 2.05 2.82;
0 4Y 26 2.82;
0 4X 2.05 2.82;
0 1Y 26 2.82;
0 1X 2.05 2.82;
20.3175 2Y 27.49 2.82;
0 2X 1.16 2.82;
0 3Y 27.49 2.82;
0 3X 1.16 2.82;
0 4Y 27.49 2.82;
0 4X 1.16 2.82;
0 1Y 27.49 2.82;
0 1X 1.16 2.82;
13.0612 2Y 28.23 2.82;
0 2X 0.27 2.82;
0 3Y 28.23 2.82;
0 3X 0.27 2.82;
0 4Y 28.23 2.82;
0 4X 0.27 2.82;
0 1Y 28.23 2.82;
0 1X 0.27 2.82;
4436.46 4R -54.71 2.82;
0 3R -54.71 2.82;
0 2R -54.71 2.82;
0 2R -54.71 2.82;
0 3R -54.71 2.82;
0 4R -54.71 2.82;
0 1R -54.71 2.82;
20.3175 4Y 4.46 2.82;
0 4X -16.65 2.82;
0 3Y 4.46 2.82;
0 3X -16.65 2.82;
0 2Y 4.46 2.82;
0 2X -16.65 2.82;
0 2Y 4.46 2.82;
0 2X -16.65 2.82;
0 3Y 4.46 2.82;
0 3X -16.65 2.82;
0 4Y 4.46 2.82;
0 4X -16.65 2.82;
0 1Y 4.46 2.82;
0 1X -16.65 2.82;
