0 4R 0 0;
0 4Y 0 0;
0 4X 0 0;
0 3R 0 0;
0 3Y 0 0;
0 3X 0 0;
0 2R 0 0;
0 2Y 0 0;
0 2X 0 0;
0 1R 0 0;
0 1Y 0 0;
0 1X 0 0;
3670.2 4R 147.18 0;
0 3R 147.18 0;
0 2R 147.18 0;
0 2R 147.18 0;
0 3R 147.18 0;
0 4R 147.18 0;
0 1R 147.18 0;
21.7687 4Y -50 0;
0 4X -100 0;
0 3Y -50 0;
0 3X -100 0;
0 2Y -50 0;
0 2X -100 0;
0 2Y -50 0;
0 2X -100 0;
0 3Y -50 0;
0 3X -100 0;
0 4Y -50 0;
0 4X -100 0;
0 1Y -50 0;
0 1X -100 0;
6134.42 4R -150 0;
0 3R -150 0;
0 2R -150 0;
0 2R -150 0;
0 3R -150 0;
0 4R -150 0;
0 1R -150 0;
18.8662 4Y 50 0;
0 4X -100 0;
0 3Y 50 0;
0 3X -100 0;
0 2Y 50 0;
0 2X -100 0;
0 2Y 50 0;
0 2X -100 0;
0 3Y 50 0;
0 3X -100 0;
0 4Y 50 0;
0 4X -100 0;
0 1Y 50 0;
0 1X -100 0;
8748.12 4R 0 0;
4.35374 3R 0 0;
0 2R 0 0;
0 2R 0 0;
0 3R 0 0;
0 4R 0 0;
0 1R 0 0;
14.5125 4Y 50 0;
0 4X 100 0;
0 3Y 50 0;
0 3X 100 0;
0 2Y 50 0;
0 2X 100 0;
0 2Y 50 0;
0 2X 100 0;
0 3Y 50 0;
0 3X 100 0;
0 4Y 50 0;
0 4X 100 0;
0 1Y 50 0;
0 1X 100 0;
6941.31 4R -39.82 0;
0 3R -39.82 0;
0 2R -39.82 0;
0 2R -39.82 0;
0 3R -39.82 0;
0 4R -39.82 0;
0 1R -39.82 0;
26.1224 4Y -16.38 0;
0 4X 33.03 0;
0 3Y -16.38 0;
0 3X 33.03 0;
0 2Y -16.38 0;
0 2X 33.03 0;
0 2Y -16.38 0;
0 2X 33.03 0;
0 3Y -16.38 0;
0 3X 33.03 0;
0 4Y -16.38 0;
0 4X 33.03 0;
0 1Y -16.38 0;
0 1X 33.03 0;
3036.01 4R 56.01 0;
0 3R 56.01 0;
0 2R 56.01 0;
0 2R 56.01 0;
0 3R 56.01 0;
0 4R 56.01 0;
0 1R 56.01 0;
30.4762 4Y -11.47 0;
0 4X -36.82 0;
0 3Y -11.47 0;
0 3X -36.82 0;
0 2Y -11.47 0;
0 2X -36.82 0;
0 2Y -11.47 0;
0 2X -36.82 0;
0 3Y -11.47 0;
0 3X -36.82 0;
0 4Y -11.47 0;
0 4X -36.82 0;
0 1Y -11.47 0;
0 1X -36.82 0;
5581.5 4R -53.31 0;
0 3R -53.31 0;
0 2R -53.31 0;
0 2R -53.31 0;
0 3R -53.31 0;
0 4R -53.31 0;
0 1R -53.31 0;
23.22 4Y 15.57 0;
0 4X -37.36 0;
0 3Y 15.57 0;
0 3X -37.36 0;
0 2Y 15.57 0;
0 2X -37.36 0;
0 2Y 15.57 0;
0 2X -37.36 0;
0 3Y 15.57 0;
0 3X -37.36 0;
0 4Y 15.57 0;
0 4X -37.36 0;
0 1Y 15.57 0;
0 1X -37.36 0;
5562.63 4R 51.59 0;
0 3R 51.59 0;
0 2R 51.59 0;
0 2R 51.59 0;
0 3R 51.59 0;
0 4R 51.59 0;
0 1R 51.59 0;
20.3175 4Y 23.69 0;
0 4X 33.03 0;
0 3Y 23.69 0;
0 3X 33.03 0;
0 2Y 22 0;
0 2X -100 0;
0 2Y 23.69 0;
0 2X 33.03 0;
0 3Y 23.69 0;
0 3X 33.03 0;
0 4Y 23.69 0;
0 4X 33.03 0;
0 1Y 23.69 0;
0 1X 33.03 0;
8022.49 4R 0 9.98;
0 3R 0 9.98;
0 2R 0 9.98;
0 2R 0 9.98;
0 3R 0 9.98;
0 4R 0 9.98;
0 1R 0 9.98;
20.3175 4Y 0 9.98;
0 4X 0 9.98;
0 3Y 0 9.98;
0 3X 0 9.98;
0 2Y 0 9.98;
0 2X 0 9.98;
0 2Y 0 9.98;
0 2X 0 9.98;
0 3Y 0 9.98;
0 3X 0 9.98;
0 4Y 0 9.98;
0 4X 0 9.98;
0 1Y 0 9.98;
0 1X 0 9.98;
14001.6 stop;
