1261.13 3Y 35.89 1.43;
0 3X 31.52 1.43;
10.1587 3Y 32.05 1.43;
0 3X 29.96 1.43;
43.5374 3Y 28.2 1.43;
0 3X 28.4 1.43;
39.1837 3Y 23.07 1.43;
0 3X 26.07 1.43;
5.80499 3Y 15.38 1.43;
0 3X 24.51 1.43;
17.415 3Y 11.53 1.43;
0 3X 24.51 1.43;
15.9637 3Y 3.84 1.43;
0 3X 24.51 1.43;
27.5737 3Y -5.13 1.43;
0 3X 24.51 1.43;
5.80499 3Y -14.11 1.43;
0 3X 24.51 1.43;
34.8299 3Y -19.23 1.43;
0 3X 26.07 1.43;
31.9274 3Y -19.23 1.43;
0 3X 26.85 1.43;
18.8662 3Y -20.52 1.43;
0 3X 26.85 1.43;
13.0612 3Y -21.8 1.43;
0 3X 26.85 1.43;
15.9637 3Y -23.08 1.43;
0 3X 26.85 1.43;
69.6599 3Y -24.36 1.43;
0 3X 26.85 1.43;
78.3673 3Y -23.08 1.43;
0 3X 26.85 1.43;
17.415 3Y -23.08 1.43;
0 3X 26.07 1.43;
75.4649 3Y -23.08 1.43;
0 3X 25.29 1.43;
26.1224 3Y -23.08 1.43;
0 3X 24.51 1.43;
84.1723 3Y -23.08 1.43;
0 3X 25.29 1.43;
181.406 3Y -20.52 1.43;
0 3X 23.74 1.43;
0 3Y -12.82 1.43;
0 3X 19.84 1.43;
17.415 3Y -8.98 1.43;
0 3X 16.73 1.43;
18.8662 3Y -3.85 1.43;
0 3X 14.4 1.43;
34.8299 3Y 2.56 1.43;
0 3X 10.51 1.43;
13.0612 3Y 8.97 1.43;
0 3X 5.84 1.43;
15.9637 3Y 12.82 1.43;
0 3X 3.5 1.43;
21.7687 3Y 17.94 1.43;
0 3X 0.39 1.43;
27.5737 3Y 21.79 1.43;
0 3X -3.5 1.43;
5.80499 3Y 25.64 1.43;
0 3X -5.06 1.43;
44.9887 3Y 35.89 1.43;
0 3X -9.73 1.43;
40.6349 3Y 46.15 1.43;
0 3X -14.4 1.43;
13.0612 3Y 50 1.43;
0 3X -15.18 1.43;
33.3787 3Y 53.84 1.43;
0 3X -16.73 1.43;
33.3787 3Y 64.1 1.43;
0 3X -18.29 1.43;
37.7324 3Y 73.07 1.43;
0 3X -19.07 1.43;
31.9274 3Y 84.61 1.43;
0 3X -19.07 1.43;
29.0249 3Y 101.28 1.43;
0 3X -19.07 1.43;
26.1224 3Y 105.12 1.43;
0 3X -19.84 1.43;
23.22 3Y 110.25 1.43;
0 3X -21.4 1.43;
17.415 3Y 114.1 1.43;
0 3X -22.96 1.43;
17.415 3Y 116.66 1.43;
0 3X -22.96 1.43;
68.2086 3Y 117.94 1.43;
0 3X -23.74 1.43;
0 3Y 119.23 1.43;
0 3X -24.51 1.43;
14.5125 3Y 124.36 1.43;
0 3X -30.74 1.43;
14.5125 3Y 126.92 1.43;
0 3X -34.63 1.43;
17.415 3Y 126.92 1.43;
0 3X -36.19 1.43;
18.8662 3Y 126.92 1.43;
0 3X -36.96 1.43;
11.61 3Y 125.64 1.43;
0 3X -38.52 1.43;
23.22 3Y 125.64 1.43;
0 3X -40.08 1.43;
11.61 3Y 123.07 1.43;
0 3X -41.63 1.43;
15.9637 3Y 119.23 1.43;
0 3X -43.97 1.43;
18.8662 3Y 117.94 1.43;
0 3X -46.3 1.43;
26.1224 3Y 116.66 1.43;
0 3X -50.97 1.43;
33.3787 3Y 116.66 1.43;
0 3X -56.42 1.43;
5.80499 3Y 119.23 1.43;
0 3X -68.87 1.43;
43.5374 3Y 121.79 1.43;
0 3X -73.54 1.43;
23.22 3Y 123.07 1.43;
0 3X -78.21 1.43;
4037.37 3Y 121.79 1.43;
0 3X -77.43 1.43;
11.61 3Y 100 1.43;
0 3X -18.29 1.43;
17.415 3Y 94.87 1.43;
0 3X 41.63 1.43;
58.0499 3Y 84.61 1.43;
0 3X 100 1.43;
114.649 3Y 82.05 1.43;
0 3X 100 1.43;
27.5737 3Y 80.77 1.43;
0 3X 100 1.43;
87.0748 3Y 78.2 1.43;
0 3X 100 1.43;
46.4399 3Y 76.92 1.43;
0 3X 100 1.43;
60.9524 3Y 75.64 1.43;
0 3X 100 1.43;
26.1224 3Y 74.36 1.43;
0 3X 100 1.43;
30.4762 3Y 69.23 1.43;
0 3X 100 1.43;
33.3787 3Y 67.94 1.43;
0 3X 100 1.43;
1785.03 3Y 65.38 1.43;
0 3X 100 1.43;
15.9637 3Y 60.25 1.43;
0 3X 100 1.43;
15.9637 3Y 55.12 1.43;
0 3X 100 1.43;
42.0862 3Y 51.28 1.43;
0 3X 100 1.43;
7.25624 3Y 44.87 1.43;
0 3X 100 1.43;
15.9637 3Y 43.59 1.43;
0 3X 100 1.43;
15.9637 3Y 41.02 1.43;
0 3X 100 1.43;
17.415 3Y 39.74 1.43;
0 3X 100 1.43;
18.8662 3Y 37.18 1.43;
0 3X 100 1.43;
17.415 3Y 32.05 1.43;
0 3X 100 1.43;
17.415 3Y 28.2 1.43;
0 3X 100 1.43;
15.9637 3Y 24.36 1.43;
0 3X 100 1.43;
15.9637 3Y 21.79 1.43;
0 3X 100 1.43;
15.9637 3Y 19.23 1.43;
0 3X 100 1.43;
18.8662 3Y 17.94 1.43;
0 3X 100 1.43;
13.0612 3Y 15.38 1.43;
0 3X 100 1.43;
15.9637 3Y 12.82 1.43;
0 3X 100 1.43;
17.415 3Y 10.25 1.43;
0 3X 100 1.43;
15.9637 3Y 8.97 1.43;
0 3X 100 1.43;
17.415 3Y 7.69 1.43;
0 3X 100 1.43;
58.0499 3Y 5.12 1.43;
0 3X 100 1.43;
10.1587 3Y 3.84 1.43;
0 3X 100 1.43;
17.415 3Y 2.56 1.43;
0 3X 100 1.43;
15.9637 3Y 0 1.43;
0 3X 100 1.43;
14.5125 3Y -1.29 1.43;
0 3X 100 1.43;
23.22 3Y -3.85 1.43;
0 3X 100 1.43;
11.61 3Y -7.7 1.43;
0 3X 100 1.43;
15.9637 3Y -10.26 1.43;
0 3X 100 1.43;
17.415 3Y -12.82 1.43;
0 3X 100 1.43;
46.4399 3Y -12.82 1.43;
0 3X 99.22 1.43;
17.415 3Y -12.82 1.43;
0 3X 98.44 1.43;
23.22 3Y -12.82 1.43;
0 3X 97.67 1.43;
43.5374 3Y -12.82 1.43;
0 3X 96.89 1.43;
0 3Y -12.82 1.43;
0 3X 93.77 1.43;
20.3175 3Y -12.82 1.43;
0 3X 88.33 1.43;
15.9637 3Y -12.82 1.43;
0 3X 81.32 1.43;
17.415 3Y -12.82 1.43;
0 3X 73.54 1.43;
17.415 3Y -12.82 1.43;
0 3X 61.09 1.43;
17.415 3Y -14.11 1.43;
0 3X 52.53 1.43;
15.9637 3Y -14.11 1.43;
0 3X 50.97 1.43;
59.5011 3Y -12.82 1.43;
0 3X 50.19 1.43;
23.22 3Y -12.82 1.43;
0 3X 48.64 1.43;
47.8912 3Y -12.82 1.43;
0 3X 47.86 1.43;
20.3175 3Y -10.26 1.43;
0 3X 43.97 1.43;
13.0612 3Y -10.26 1.43;
0 3X 36.96 1.43;
23.22 3Y -10.26 1.43;
0 3X 31.52 1.43;
10.1587 3Y -10.26 1.43;
0 3X 26.07 1.43;
17.415 3Y -10.26 1.43;
0 3X 25.29 1.43;
49.3424 3Y -12.82 1.43;
0 3X 21.4 1.43;
17.415 3Y -15.39 1.43;
0 3X 21.4 1.43;
18.8662 3Y -19.23 1.43;
0 3X 18.29 1.43;
24.6712 3Y -23.08 1.43;
0 3X 15.95 1.43;
5.80499 3Y -29.49 1.43;
0 3X 12.06 1.43;
17.415 3Y -34.62 1.43;
0 3X 9.73 1.43;
15.9637 3Y -35.9 1.43;
0 3X 8.17 1.43;
17.415 3Y -37.18 1.43;
0 3X 8.17 1.43;
20.3175 3Y -37.18 1.43;
0 3X 7.39 1.43;
13.0612 3Y -37.18 1.43;
0 3X 5.84 1.43;
15.9637 3Y -38.47 1.43;
0 3X 5.06 1.43;
17.415 3Y -38.47 1.43;
0 3X 4.28 1.43;
15.9637 3Y -38.47 1.43;
0 3X 1.95 1.43;
17.415 3Y -37.18 1.43;
0 3X -1.17 1.43;
36.2812 3Y -34.62 1.43;
0 3X -13.62 1.43;
33.3787 3Y -29.49 1.43;
0 3X -32.3 1.43;
14.5125 3Y -26.93 1.43;
0 3X -33.85 1.43;
14.5125 3Y -24.36 1.43;
0 3X -34.63 1.43;
58.0499 3Y -20.52 1.43;
0 3X -35.41 1.43;
20.3175 3Y -8.98 1.43;
0 3X -33.07 1.43;
8.70748 3Y 0 1.43;
0 3X -29.18 1.43;
11.61 3Y 6.41 1.43;
0 3X -26.85 1.43;
17.415 3Y 11.53 1.43;
0 3X -22.18 1.43;
14.5125 3Y 15.38 1.43;
0 3X -19.07 1.43;
37.7324 3Y 23.07 1.43;
0 3X -10.51 1.43;
21.7687 3Y 24.36 1.43;
0 3X -7.39 1.43;
24.6712 3Y 26.92 1.43;
0 3X -2.72 1.43;
20.3175 3Y 26.92 1.43;
0 3X -1.95 1.43;
49.3424 3Y 16.66 1.43;
0 3X 4.28 1.43;
17.415 3Y 11.53 1.43;
0 3X 5.06 1.43;
43.5374 3Y 5.12 1.43;
0 3X 7.39 1.43;
5.80499 3Y -3.85 1.43;
0 3X 9.73 1.43;
17.415 3Y -5.13 1.43;
0 3X 10.51 1.43;
21.7687 3Y -6.41 1.43;
0 3X 10.51 1.43;
43.5374 3Y -7.7 1.43;
0 3X 11.28 1.43;
17.415 3Y -10.26 1.43;
0 3X 13.62 1.43;
15.9637 3Y -11.54 1.43;
0 3X 14.4 1.43;
15.9637 3Y -12.82 1.43;
0 3X 14.4 1.43;
1949.02 3Y -12.82 1.43;
0 3X 12.84 1.43;
17.415 3Y -14.11 1.43;
0 3X 12.06 1.43;
15.9637 3Y -14.11 1.43;
0 3X 11.28 1.43;
40.6349 3Y -14.11 1.43;
0 3X 10.51 1.43;
39.1837 3Y -14.11 1.43;
0 3X 4.28 1.43;
23.22 3Y -15.39 1.43;
0 3X 0.39 1.43;
15.9637 3Y -15.39 1.43;
0 3X -1.95 1.43;
13.0612 3Y -15.39 1.43;
0 3X -2.72 1.43;
78.3673 3Y -15.39 1.43;
0 3X -3.5 1.43;
26.1224 3Y -17.95 1.43;
0 3X -12.06 1.43;
18.8662 3Y -17.95 1.43;
0 3X -22.18 1.43;
17.415 3Y -17.95 1.43;
0 3X -26.85 1.43;
29.0249 3Y -17.95 1.43;
0 3X -28.4 1.43;
177.052 3Y -16.67 1.43;
0 3X -29.96 1.43;
5.80499 3Y -16.67 1.43;
0 3X -31.52 1.43;
37.7324 3Y -15.39 1.43;
0 3X -39.3 1.43;
23.22 3Y -15.39 1.43;
0 3X -49.42 1.43;
26.1224 3Y -15.39 1.43;
0 3X -52.53 1.43;
60.9524 3Y -15.39 1.43;
0 3X -53.31 1.43;
15.9637 3Y -15.39 1.43;
0 3X -54.09 1.43;
20.3175 3Y -15.39 1.43;
0 3X -54.86 1.43;
17.415 3Y -15.39 1.43;
0 3X -55.64 1.43;
17.415 3Y -15.39 1.43;
0 3X -57.2 1.43;
15.9637 3Y -14.11 1.43;
0 3X -58.75 1.43;
17.415 3Y -12.82 1.43;
0 3X -61.09 1.43;
13.0612 3Y -10.26 1.43;
0 3X -62.65 1.43;
52.2449 3Y -10.26 1.43;
0 3X -63.42 1.43;
5.80499 3Y -8.98 1.43;
0 3X -64.2 1.43;
40.6349 3Y -3.85 1.43;
0 3X -67.32 1.43;
24.6712 3Y 1.28 1.43;
0 3X -68.09 1.43;
33.3787 3Y 11.53 1.43;
0 3X -66.54 1.43;
15.9637 3Y 16.66 1.43;
0 3X -63.42 1.43;
11.61 3Y 21.79 1.43;
0 3X -60.31 1.43;
17.415 3Y 26.92 1.43;
0 3X -57.2 1.43;
15.9637 3Y 32.05 1.43;
0 3X -50.97 1.43;
17.415 3Y 33.33 1.43;
0 3X -47.08 1.43;
15.9637 3Y 33.33 1.43;
0 3X -44.75 1.43;
17.415 3Y 34.61 1.43;
0 3X -41.63 1.43;
23.22 3Y 35.89 1.43;
0 3X -38.52 1.43;
18.8662 3Y 38.46 1.43;
0 3X -35.41 1.43;
15.9637 3Y 41.02 1.43;
0 3X -32.3 1.43;
17.415 3Y 43.59 1.43;
0 3X -30.74 1.43;
39.1837 3Y 48.71 1.43;
0 3X -27.63 1.43;
0 3Y 52.56 1.43;
0 3X -26.85 1.43;
17.415 3Y 53.84 1.43;
0 3X -26.85 1.43;
26.1224 3Y 55.12 1.43;
0 3X -27.63 1.43;
44.9887 3Y 61.53 1.43;
0 3X -29.96 1.43;
15.9637 3Y 65.38 1.43;
0 3X -31.52 1.43;
31.9274 3Y 71.79 1.43;
0 3X -33.07 1.43;
37.7324 3Y 83.33 1.43;
0 3X -37.74 1.43;
13.0612 3Y 91.02 1.43;
0 3X -42.41 1.43;
15.9637 3Y 97.43 1.43;
0 3X -47.08 1.43;
14.5125 3Y 100 1.43;
0 3X -49.42 1.43;
34.8299 3Y 100 1.43;
0 3X -50.19 1.43;
15.9637 3Y 100 1.43;
0 3X -53.31 1.43;
17.415 3Y 98.71 1.43;
0 3X -55.64 1.43;
17.415 3Y 97.43 1.43;
0 3X -57.98 1.43;
18.8662 3Y 96.15 1.43;
0 3X -59.53 1.43;
17.415 3Y 94.87 1.43;
0 3X -60.31 1.43;
97.2336 3Y 94.87 1.43;
0 3X -61.09 1.43;
824.308 3Y 94.87 1.43;
0 3X -1.95 1.43;
5.80499 3Y 100 1.43;
0 3X 100 1.43;
15.9637 3Y 105.12 1.43;
0 3X 100 1.43;
17.415 3Y 117.94 1.43;
0 3X 100 1.43;
31.9274 3Y 119.23 1.43;
0 3X 100 1.43;
654.512 3Y 79.48 1.43;
0 3X 97.67 1.43;
17.415 3Y 79.48 1.43;
0 3X -100 1.43;
698.05 3Y 73.07 1.43;
0 3X 100 1.43;
134.966 3Y 71.79 1.43;
0 3X 100 1.43;
11.61 3Y 74.36 1.43;
0 3X 100 1.43;
155.283 3Y 73.07 1.43;
0 3X 100 1.43;
367.166 3Y 69.23 1.43;
0 3X 100 1.43;
21.7687 3Y 62.82 1.43;
0 3X 100 1.43;
7.25624 3Y 62.82 1.43;
0 3X 62.65 1.43;
15.9637 3Y 56.41 1.43;
0 3X -100 1.43;
719.819 3Y 56.41 1.43;
0 3X 48.64 1.43;
33.3787 3Y 56.41 1.43;
0 3X 100 1.43;
647.256 3Y 53.84 1.43;
0 3X 100 1.43;
69.6599 3Y 53.84 1.43;
0 3X 78.21 1.43;
15.9637 3Y 53.84 1.43;
0 3X 61.87 1.43;
47.8912 3Y 53.84 1.43;
0 3X 40.86 1.43;
17.415 3Y 53.84 1.43;
0 3X -100 1.43;
624.036 3Y 52.56 1.43;
0 3X -100 1.43;
59.5011 3Y 52.56 1.43;
0 3X -82.1 1.43;
15.9637 3Y 52.56 1.43;
0 3X -81.32 1.43;
91.4286 3Y 52.56 1.43;
0 3X -79.77 1.43;
39.1837 3Y 52.56 1.43;
0 3X -75.1 1.43;
5.80499 3Y 52.56 1.43;
0 3X -69.65 1.43;
13.0612 3Y 52.56 1.43;
0 3X -67.32 1.43;
42.0862 3Y 52.56 1.43;
0 3X -65.76 1.43;
33.3787 3Y 52.56 1.43;
0 3X -37.74 1.43;
23.22 3Y 52.56 1.43;
0 3X 72.76 1.43;
18.8662 3Y 52.56 1.43;
0 3X 82.88 1.43;
15.9637 3Y 52.56 1.43;
0 3X 83.66 1.43;
87.0748 3Y 52.56 1.43;
0 3X 82.1 1.43;
44.9887 3Y 52.56 1.43;
0 3X 79.77 1.43;
33.3787 3Y 52.56 1.43;
0 3X 78.21 1.43;
18.8662 3Y 52.56 1.43;
0 3X 77.43 1.43;
18.8662 3Y 52.56 1.43;
0 3X 76.65 1.43;
15.9637 3Y 51.28 1.43;
0 3X 75.88 1.43;
17.415 3Y 50 1.43;
0 3X 72.76 1.43;
11.61 3Y 48.71 1.43;
0 3X 65.76 1.43;
17.415 3Y 48.71 1.43;
0 3X 51.75 1.43;
18.8662 3Y 48.71 1.43;
0 3X 31.52 1.43;
50.7937 3Y 50 1.43;
0 3X 24.51 1.43;
198.821 3Y 44.87 1.43;
0 3X 19.84 1.43;
15.9637 3Y 44.87 1.43;
0 3X 18.29 1.43;
17.415 3Y 44.87 1.43;
0 3X 13.62 1.43;
14.5125 3Y 44.87 1.43;
0 3X 12.84 1.43;
119.002 3Y 44.87 1.43;
0 3X 13.62 1.43;
